0 3706 1479 3705 1480 3703 1480 3702 1481 3702 1484 3701 1485 3701 1507 3702 1508 3702 1509 3706 1513 3707 1513 3708 1514 3709 1514 3710 1515 3711 1515 3712 1516 3714 1516 3715 1517 3717 1517 3718 1518 3720 1518 3721 1519 3723 1519 3724 1520 3742 1520 3743 1521 3748 1521 3749 1522 3751 1522 3752 1523 3755 1523 3756 1524 3759 1524 3760 1525 3789 1525 3791 1523 3792 1523 3797 1518 3797 1517 3798 1516 3798 1515 3799 1514 3799 1512 3800 1511 3800 1510 3801 1509 3801 1508 3802 1507 3802 1501 3801 1500 3801 1496 3800 1495 3800 1492 3799 1491 3799 1490 3797 1488 3796 1488 3795 1487 3793 1487 3792 1486 3790 1486 3789 1485 3787 1485 3786 1484 3782 1484 3781 1483 3778 1483 3777 1482 3759 1482 3758 1481 3746 1481 3745 1480 3727 1480 3726 1479 0.7820
0 3495 1323 3493 1325 3492 1325 3491 1326 3491 1327 3490 1328 3490 1329 3489 1330 3489 1332 3488 1333 3488 1336 3487 1337 3487 1351 3489 1353 3489 1354 3495 1360 3496 1360 3498 1362 3502 1362 3503 1363 3506 1363 3507 1364 3512 1364 3513 1365 3518 1365 3519 1366 3522 1366 3523 1367 3528 1367 3529 1368 3536 1368 3537 1367 3542 1367 3543 1366 3566 1366 3567 1367 3582 1367 3583 1366 3584 1366 3585 1365 3586 1365 3587 1364 3588 1364 3590 1362 3591 1362 3591 1360 3592 1359 3592 1355 3593 1354 3593 1346 3592 1345 3592 1342 3591 1341 3591 1338 3590 1338 3589 1337 3588 1337 3586 1335 3585 1335 3584 1334 3583 1334 3582 1333 3581 1333 3580 1332 3577 1332 3576 1331 3572 1331 3571 1330 3561 1330 3560 1329 3554 1329 3553 1328 3549 1328 3548 1327 3544 1327 3543 1326 3537 1326 3536 1325 3531 1325 3530 1324 3525 1324 3524 1323 0.7548
0 2907 1271 2906 1272 2904 1272 2903 1273 2902 1273 2901 1274 2900 1274 2899 1275 2898 1275 2897 1276 2896 1276 2894 1278 2894 1279 2893 1280 2893 1283 2892 1284 2892 1291 2893 1292 2893 1293 2894 1294 2894 1295 2895 1296 2895 1297 2896 1298 2896 1299 2897 1300 2897 1302 2898 1303 2899 1303 2900 1304 2901 1304 2902 1305 2903 1305 2904 1306 2905 1306 2906 1307 2907 1307 2908 1308 2909 1308 2910 1309 2917 1309 2918 1310 2922 1310 2923 1311 2929 1311 2930 1312 2934 1312 2935 1313 2950 1313 2951 1314 2984 1314 2985 1313 2986 1313 2989 1310 2989 1309 2992 1306 2992 1305 2993 1304 2993 1294 2992 1293 2992 1290 2990 1288 2990 1287 2988 1285 2987 1285 2983 1281 2982 1281 2981 1280 2975 1280 2974 1279 2970 1279 2969 1278 2966 1278 2965 1277 2961 1277 2960 1276 2941 1276 2940 1275 2937 1275 2936 1274 2931 1274 2930 1273 2922 1273 2921 1272 2917 1272 2916 1271 0.7651
0 1909 94 1908 95 1907 95 1903 99 1903 100 1902 101 1902 102 1901 103 1901 104 1900 105 1900 106 1899 107 1899 108 1898 109 1898 110 1897 111 1897 112 1896 113 1896 115 1895 116 1895 117 1890 122 1890 123 1889 124 1889 125 1888 126 1888 127 1887 128 1887 130 1886 131 1886 132 1884 134 1884 135 1882 137 1882 138 1881 139 1881 142 1880 143 1880 145 1879 146 1879 152 1878 153 1878 161 1879 162 1879 163 1880 164 1880 165 1882 167 1882 168 1888 174 1889 174 1890 175 1892 175 1893 176 1895 176 1896 177 1898 177 1899 178 1908 178 1909 177 1910 177 1912 175 1912 174 1913 173 1913 172 1915 170 1915 169 1916 168 1916 166 1917 165 1917 163 1918 162 1918 160 1919 159 1919 158 1920 157 1920 155 1921 154 1921 152 1922 151 1922 150 1923 149 1923 147 1924 146 1924 145 1926 143 1926 142 1927 141 1927 139 1928 138 1928 137 1929 136 1929 135 1936 128 1937 128 1938 127 1938 126 1939 125 1939 123 1940 122 1940 110 1939 109 1939 108 1938 107 1938 106 1937 105 1937 104 1933 100 1932 100 1929 97 1928 97 1926 95 1924 95 1923 94 0.7601
0 3095 1599 3094 1600 3088 1600 3087 1601 3085 1601 3084 1602 3084 1603 3083 1604 3083 1606 3082 1607 3082 1610 3081 1611 3081 1626 3089 1634 3092 1634 3093 1635 3097 1635 3098 1636 3101 1636 3102 1637 3104 1637 3105 1638 3106 1638 3107 1639 3108 1639 3110 1641 3123 1641 3124 1640 3127 1640 3128 1641 3142 1641 3143 1642 3148 1642 3149 1643 3153 1643 3154 1644 3173 1644 3174 1643 3175 1643 3177 1641 3178 1641 3182 1637 3182 1632 3183 1631 3183 1628 3184 1627 3184 1621 3183 1620 3183 1614 3181 1612 3180 1612 3174 1606 3169 1606 3168 1605 3154 1605 3153 1604 3146 1604 3145 1603 3138 1603 3137 1602 3127 1602 3126 1601 3117 1601 3116 1600 3103 1600 3102 1599 0.7836
0 3035 1226 3034 1227 3030 1227 3029 1228 3029 1229 3028 1230 3028 1232 3027 1233 3027 1235 3026 1236 3026 1251 3027 1252 3027 1254 3030 1257 3033 1257 3034 1258 3037 1258 3038 1259 3040 1259 3041 1260 3045 1260 3046 1261 3050 1261 3051 1262 3060 1262 3061 1263 3071 1263 3072 1264 3078 1264 3079 1265 3082 1265 3083 1266 3099 1266 3100 1265 3102 1265 3103 1264 3104 1264 3110 1258 3110 1257 3111 1256 3111 1255 3112 1254 3112 1244 3111 1243 3111 1241 3110 1240 3110 1239 3106 1235 3105 1235 3103 1233 3102 1233 3101 1232 3094 1232 3093 1231 3087 1231 3086 1230 3080 1230 3079 1229 3066 1229 3065 1228 3052 1228 3051 1227 3046 1227 3045 1226 0.7852
0 2908 1402 2907 1403 2905 1403 2904 1404 2902 1404 2901 1405 2900 1405 2899 1406 2898 1406 2898 1407 2897 1408 2897 1415 2896 1416 2896 1434 2897 1434 2898 1435 2901 1435 2902 1436 2904 1436 2905 1437 2907 1437 2908 1438 2909 1438 2910 1439 2912 1439 2913 1440 2914 1440 2915 1441 2917 1441 2918 1442 2919 1442 2920 1443 2921 1443 2922 1444 2925 1444 2926 1445 2931 1445 2932 1446 2943 1446 2944 1445 2946 1445 2947 1446 2957 1446 2958 1447 2971 1447 2972 1448 2981 1448 2982 1447 2984 1447 2985 1446 2986 1446 2988 1444 2988 1443 2989 1442 2989 1441 2990 1440 2990 1439 2991 1438 2991 1437 2992 1436 2992 1435 2993 1434 2993 1421 2992 1420 2992 1419 2988 1415 2987 1415 2985 1413 2984 1413 2983 1412 2973 1412 2972 1411 2965 1411 2964 1410 2958 1410 2957 1409 2951 1409 2950 1408 2942 1408 2941 1407 2933 1407 2932 1406 2931 1406 2930 1405 2927 1405 2926 1404 2924 1404 2923 1403 2915 1403 2914 1402 0.7578
2 3196 1238 3195 1239 3194 1239 3192 1241 3191 1241 3191 1244 3190 1245 3190 1248 3189 1249 3189 1251 3188 1252 3188 1258 3189 1259 3189 1265 3193 1269 3194 1269 3195 1270 3196 1270 3197 1271 3199 1271 3200 1272 3201 1272 3202 1273 3203 1273 3204 1274 3205 1274 3206 1275 3208 1275 3209 1276 3213 1276 3214 1277 3221 1277 3222 1278 3236 1278 3237 1279 3245 1279 3246 1280 3270 1280 3271 1281 3284 1281 3285 1282 3298 1282 3299 1281 3301 1281 3302 1280 3303 1280 3306 1277 3306 1263 3307 1262 3307 1257 3308 1256 3308 1249 3307 1248 3307 1246 3306 1245 3306 1244 3305 1244 3304 1243 3303 1243 3302 1242 3299 1242 3298 1241 3283 1241 3282 1242 3281 1242 3280 1241 3275 1241 3274 1240 3252 1240 3251 1239 3235 1239 3234 1238 0.8091
0 1698 631 1697 632 1695 632 1694 633 1693 633 1692 634 1691 634 1687 638 1687 639 1686 640 1686 649 1687 650 1687 660 1688 661 1688 670 1689 671 1689 677 1690 678 1690 680 1691 681 1691 684 1692 685 1692 690 1693 691 1693 693 1694 694 1694 697 1695 698 1695 701 1696 702 1696 706 1697 707 1697 712 1698 713 1698 715 1702 719 1703 719 1706 722 1707 722 1708 723 1715 723 1716 722 1721 722 1722 721 1723 721 1724 720 1725 720 1726 719 1727 719 1731 715 1731 696 1730 695 1730 690 1729 689 1729 688 1728 687 1728 685 1727 684 1727 682 1726 681 1726 680 1725 679 1725 676 1724 675 1724 670 1723 669 1723 650 1722 649 1722 647 1721 646 1721 645 1720 644 1720 643 1716 639 1716 638 1711 633 1711 632 1710 631 0.7522
0 1800 598 1799 599 1794 599 1793 600 1791 600 1790 601 1788 601 1787 602 1786 602 1783 605 1782 605 1782 608 1781 609 1781 625 1782 626 1782 630 1783 631 1783 634 1784 635 1784 638 1785 639 1785 642 1786 643 1786 645 1787 646 1787 648 1788 649 1788 651 1789 652 1789 654 1790 655 1790 657 1791 658 1791 661 1792 662 1792 666 1793 667 1793 673 1794 674 1794 678 1795 679 1795 680 1796 681 1796 682 1800 686 1801 686 1802 687 1803 687 1804 688 1807 688 1808 689 1819 689 1820 688 1821 688 1830 679 1830 660 1829 659 1829 655 1828 654 1828 652 1827 651 1827 649 1826 648 1826 646 1825 645 1825 643 1824 642 1824 639 1823 638 1823 635 1822 634 1822 616 1819 613 1819 612 1818 611 1818 610 1817 609 1817 608 1816 607 1816 606 1814 604 1814 603 1809 598 0.7371
0 1871 1810 1870 1811 1869 1811 1868 1812 1867 1812 1863 1816 1863 1817 1861 1819 1861 1820 1856 1825 1855 1825 1854 1826 1853 1826 1850 1829 1850 1830 1849 1831 1849 1833 1848 1834 1848 1835 1847 1836 1847 1837 1846 1838 1846 1839 1843 1842 1843 1843 1842 1844 1842 1845 1841 1846 1841 1848 1840 1849 1840 1851 1838 1853 1838 1855 1837 1856 1837 1858 1836 1859 1836 1860 1835 1861 1835 1862 1832 1865 1832 1867 1831 1868 1831 1872 1830 1873 1830 1884 1831 1885 1831 1890 1838 1897 1838 1898 1842 1902 1844 1902 1845 1903 1860 1903 1861 1902 1864 1902 1865 1901 1866 1901 1867 1900 1868 1900 1870 1898 1871 1898 1875 1894 1875 1893 1876 1892 1876 1891 1878 1889 1878 1888 1881 1885 1881 1884 1884 1881 1884 1880 1885 1879 1885 1878 1886 1877 1886 1876 1887 1875 1887 1873 1888 1872 1888 1871 1889 1870 1889 1868 1890 1867 1890 1865 1891 1864 1891 1862 1892 1861 1892 1859 1893 1858 1893 1856 1894 1855 1894 1852 1895 1851 1895 1848 1896 1847 1896 1845 1897 1844 1897 1843 1898 1842 1898 1836 1899 1835 1899 1825 1898 1824 1898 1818 1897 1817 1896 1817 1895 1816 1894 1816 1893 1815 1891 1815 1890 1814 1889 1814 1888 1813 1886 1813 1885 1812 1884 1812 1882 1810 0.7124
0 3301 1305 3300 1306 3299 1306 3298 1307 3297 1307 3296 1308 3295 1308 3295 1309 3294 1310 3294 1311 3293 1312 3293 1314 3292 1315 3292 1318 3291 1319 3291 1327 3292 1328 3292 1329 3293 1330 3293 1331 3298 1336 3299 1336 3305 1342 3314 1342 3315 1343 3319 1343 3320 1342 3324 1342 3325 1341 3330 1341 3331 1340 3335 1340 3336 1339 3344 1339 3345 1340 3348 1340 3349 1341 3353 1341 3354 1342 3361 1342 3362 1343 3367 1343 3368 1342 3371 1342 3372 1341 3375 1341 3376 1340 3378 1340 3380 1338 3381 1338 3382 1337 3382 1323 3381 1322 3381 1319 3380 1318 3380 1316 3379 1315 3379 1314 3378 1313 3378 1312 3377 1312 3376 1311 3375 1311 3374 1310 3373 1310 3372 1309 3370 1309 3369 1308 3361 1308 3360 1309 3340 1309 3339 1308 3334 1308 3333 1307 3327 1307 3326 1306 3317 1306 3316 1305 0.7382
0 1607 950 1606 951 1604 951 1603 952 1599 952 1598 953 1596 953 1595 954 1594 954 1594 957 1593 958 1593 972 1594 973 1594 975 1595 976 1595 977 1603 985 1604 985 1607 988 1607 989 1608 990 1609 990 1613 994 1614 994 1615 995 1616 995 1622 1001 1622 1002 1624 1004 1624 1005 1625 1006 1625 1007 1628 1010 1628 1011 1633 1016 1634 1016 1640 1022 1641 1022 1643 1024 1644 1024 1646 1026 1661 1026 1662 1025 1662 1024 1664 1022 1664 1021 1667 1018 1667 1017 1670 1014 1670 1013 1671 1012 1671 995 1670 994 1670 993 1669 992 1669 990 1667 988 1666 988 1664 986 1664 985 1661 982 1661 981 1660 981 1659 980 1659 979 1657 977 1657 976 1652 971 1650 971 1649 970 1648 970 1647 969 1646 969 1639 962 1638 962 1637 961 1636 961 1634 959 1633 959 1630 956 1629 956 1626 953 1625 953 1622 950 0.6943
0 3770 1197 3769 1198 3766 1198 3765 1199 3763 1199 3760 1202 3760 1203 3758 1205 3758 1206 3757 1207 3757 1209 3756 1210 3756 1219 3755 1220 3755 1230 3756 1230 3758 1232 3759 1232 3760 1233 3761 1233 3762 1234 3765 1234 3766 1235 3769 1235 3770 1236 3772 1236 3773 1237 3792 1237 3793 1238 3799 1238 3800 1239 3804 1239 3805 1240 3809 1240 3810 1241 3822 1241 3823 1242 3838 1242 3838 1209 3832 1209 3831 1208 3830 1208 3829 1207 3828 1207 3827 1206 3825 1206 3824 1205 3814 1205 3813 1204 3809 1204 3808 1203 3806 1203 3805 1202 3804 1202 3803 1201 3802 1201 3801 1200 3800 1200 3798 1198 3783 1198 3782 1197 0.7489
0 1923 1840 1921 1842 1921 1843 1920 1844 1920 1846 1919 1847 1919 1848 1914 1853 1914 1854 1913 1855 1913 1858 1912 1859 1912 1861 1911 1862 1911 1863 1910 1864 1910 1867 1909 1868 1909 1871 1908 1872 1908 1874 1907 1875 1907 1877 1905 1879 1905 1880 1901 1884 1900 1884 1899 1885 1899 1886 1897 1888 1897 1889 1896 1890 1896 1893 1895 1894 1895 1903 1896 1904 1896 1905 1897 1906 1897 1907 1900 1910 1900 1911 1903 1914 1904 1914 1905 1915 1907 1915 1908 1916 1926 1916 1928 1914 1928 1913 1931 1910 1931 1909 1935 1905 1935 1904 1937 1902 1937 1901 1938 1900 1938 1898 1939 1897 1939 1896 1940 1895 1940 1894 1941 1893 1941 1892 1943 1890 1943 1889 1950 1882 1950 1881 1953 1878 1953 1874 1954 1873 1954 1870 1955 1869 1955 1854 1952 1851 1952 1850 1950 1848 1950 1847 1949 1846 1949 1845 1946 1842 1944 1842 1943 1841 1941 1841 1940 1840 0.6894
0 3695 1340 3694 1341 3690 1341 3688 1343 3688 1346 3687 1347 3687 1356 3686 1357 3686 1364 3687 1365 3687 1369 3688 1370 3688 1373 3689 1374 3690 1374 3691 1375 3692 1375 3693 1376 3695 1376 3696 1377 3697 1377 3698 1378 3699 1378 3700 1379 3703 1379 3704 1380 3710 1380 3711 1381 3734 1381 3735 1382 3753 1382 3754 1383 3763 1383 3764 1384 3776 1384 3777 1385 3789 1385 3790 1384 3791 1384 3792 1383 3793 1383 3794 1382 3795 1382 3797 1380 3797 1378 3798 1377 3798 1375 3799 1374 3799 1366 3798 1365 3798 1359 3797 1358 3797 1357 3795 1355 3794 1355 3793 1354 3790 1354 3789 1353 3784 1353 3783 1352 3777 1352 3776 1351 3770 1351 3769 1350 3761 1350 3760 1349 3755 1349 3754 1348 3750 1348 3749 1347 3737 1347 3736 1346 3734 1346 3733 1345 3731 1345 3730 1344 3727 1344 3726 1343 3714 1343 3713 1342 3709 1342 3708 1341 3704 1341 3703 1340 0.7419
0 3456 1566 3455 1567 3454 1567 3452 1569 3451 1569 3450 1570 3450 1571 3449 1572 3449 1575 3448 1576 3448 1591 3449 1592 3449 1596 3450 1597 3450 1598 3451 1598 3452 1599 3455 1599 3456 1600 3460 1600 3461 1601 3479 1601 3480 1602 3486 1602 3487 1603 3490 1603 3491 1604 3494 1604 3495 1605 3500 1605 3501 1606 3505 1606 3506 1607 3513 1607 3514 1608 3537 1608 3538 1607 3541 1607 3542 1606 3544 1606 3545 1605 3546 1605 3546 1604 3548 1602 3548 1600 3549 1599 3549 1597 3550 1596 3550 1595 3551 1594 3551 1584 3550 1583 3550 1582 3549 1581 3549 1580 3548 1579 3548 1578 3546 1576 3544 1576 3543 1575 3542 1575 3541 1574 3540 1574 3539 1573 3537 1573 3536 1572 3535 1572 3534 1571 3532 1571 3531 1570 3527 1570 3526 1569 3524 1569 3523 1568 3490 1568 3489 1567 3483 1567 3482 1566 0.7486
2 3304 1501 3303 1502 3302 1502 3299 1505 3299 1511 3298 1512 3298 1521 3299 1522 3299 1527 3300 1528 3300 1530 3304 1534 3304 1535 3307 1538 3308 1538 3309 1539 3310 1539 3311 1540 3312 1540 3313 1541 3314 1541 3315 1542 3321 1542 3322 1543 3336 1543 3337 1542 3351 1542 3352 1543 3383 1543 3384 1542 3387 1542 3388 1541 3390 1541 3390 1539 3391 1538 3391 1535 3392 1534 3392 1531 3393 1530 3393 1527 3394 1526 3394 1524 3395 1523 3395 1516 3393 1514 3392 1514 3390 1512 3389 1512 3388 1511 3386 1511 3385 1510 3384 1510 3383 1509 3382 1509 3381 1508 3380 1508 3378 1506 3374 1506 3373 1505 3368 1505 3367 1504 3358 1504 3357 1503 3345 1503 3344 1502 3336 1502 3335 1501 0.7566
0 3075 1286 3074 1287 3071 1287 3070 1288 3067 1288 3066 1289 3065 1289 3064 1290 3064 1291 3063 1292 3063 1313 3064 1314 3064 1315 3067 1318 3068 1318 3069 1319 3070 1319 3073 1322 3074 1322 3077 1325 3079 1325 3080 1326 3085 1326 3086 1327 3136 1327 3137 1328 3150 1328 3151 1327 3153 1327 3154 1326 3155 1326 3156 1325 3157 1325 3158 1324 3160 1324 3163 1321 3163 1320 3165 1318 3165 1317 3166 1316 3166 1315 3167 1314 3167 1299 3166 1298 3166 1297 3162 1293 3160 1293 3159 1292 3154 1292 3153 1291 3147 1291 3146 1290 3115 1290 3114 1291 3113 1290 3110 1290 3109 1289 3106 1289 3105 1288 3100 1288 3099 1287 3094 1287 3093 1286 0.7569
0 1796 1850 1795 1851 1792 1851 1791 1852 1790 1852 1789 1853 1788 1853 1787 1854 1787 1855 1785 1857 1785 1858 1783 1860 1783 1861 1782 1862 1782 1863 1781 1864 1781 1865 1780 1866 1780 1868 1779 1869 1779 1871 1778 1872 1778 1873 1777 1874 1777 1876 1776 1877 1776 1879 1775 1880 1775 1882 1774 1883 1774 1885 1773 1886 1773 1887 1767 1893 1767 1894 1765 1896 1765 1897 1764 1898 1764 1899 1763 1900 1763 1901 1762 1902 1762 1903 1760 1905 1760 1906 1758 1908 1758 1909 1757 1910 1757 1922 1758 1923 1758 1925 1759 1926 1760 1926 1761 1927 1763 1927 1764 1928 1765 1928 1766 1929 1767 1929 1768 1930 1777 1930 1778 1929 1780 1929 1781 1928 1782 1928 1783 1927 1785 1927 1786 1926 1787 1926 1788 1925 1789 1925 1792 1922 1792 1921 1794 1919 1794 1917 1796 1915 1796 1914 1797 1913 1797 1911 1798 1910 1798 1909 1800 1907 1800 1906 1804 1902 1805 1902 1805 1901 1806 1900 1806 1898 1807 1897 1807 1896 1808 1895 1808 1894 1809 1893 1809 1892 1811 1890 1811 1889 1812 1888 1812 1887 1813 1886 1813 1885 1814 1884 1814 1883 1818 1879 1818 1866 1816 1864 1815 1864 1813 1862 1813 1861 1810 1858 1810 1857 1808 1855 1808 1854 1807 1853 1807 1850 0.6914
0 2649 789 2648 790 2646 790 2641 795 2641 796 2640 797 2640 811 2641 812 2641 815 2642 816 2642 819 2643 820 2643 829 2644 830 2644 841 2645 842 2645 858 2646 859 2646 863 2647 864 2647 865 2651 869 2654 869 2655 870 2661 870 2662 869 2666 869 2667 868 2669 868 2676 861 2676 860 2679 857 2679 839 2678 838 2678 831 2677 830 2677 827 2676 826 2676 823 2675 822 2675 819 2676 818 2676 814 2677 813 2677 805 2676 804 2676 798 2675 798 2669 792 2669 791 2667 791 2666 790 2664 790 2663 789 0.7408
0 614 348 613 349 612 349 611 350 610 350 608 352 607 352 605 354 605 356 604 357 604 358 603 359 603 361 602 362 602 372 603 373 603 374 604 375 604 376 606 378 606 379 608 381 609 381 616 388 617 388 621 392 622 392 624 394 626 394 627 395 628 395 629 396 630 396 632 398 633 398 637 402 637 403 638 404 639 404 642 407 643 407 644 408 645 408 647 410 648 410 651 413 652 413 653 414 654 414 655 415 657 415 658 416 659 416 660 417 671 417 672 416 673 416 674 415 675 415 677 413 677 412 678 411 678 410 679 409 679 408 680 407 680 406 681 405 681 404 683 402 683 389 676 382 675 382 670 377 669 377 668 376 667 376 665 374 664 374 663 373 662 373 656 367 656 366 653 363 652 363 651 362 650 362 649 361 648 361 645 358 644 358 640 354 639 354 638 353 637 353 636 352 634 352 633 351 632 351 631 350 629 350 628 349 627 349 626 348 0.7246
0 2699 1565 2698 1566 2698 1569 2697 1570 2697 1572 2696 1573 2696 1582 2697 1583 2697 1584 2698 1585 2698 1587 2699 1588 2699 1589 2700 1590 2700 1591 2702 1593 2702 1594 2705 1597 2706 1597 2708 1599 2709 1599 2710 1600 2712 1600 2713 1601 2716 1601 2717 1602 2724 1602 2725 1603 2750 1603 2751 1604 2758 1604 2759 1605 2762 1605 2763 1606 2765 1606 2766 1607 2780 1607 2781 1606 2783 1606 2784 1605 2786 1605 2787 1604 2788 1604 2790 1602 2790 1601 2791 1600 2791 1599 2793 1597 2793 1596 2795 1594 2795 1593 2797 1591 2797 1582 2796 1581 2796 1580 2795 1579 2795 1578 2794 1578 2792 1576 2791 1576 2787 1572 2786 1572 2785 1571 2784 1571 2783 1570 2782 1570 2781 1569 2780 1569 2779 1568 2770 1568 2769 1569 2762 1569 2761 1568 2756 1568 2755 1567 2752 1567 2751 1566 2748 1566 2747 1565 0.7280
0 2681 488 2681 489 2679 491 2679 492 2677 494 2677 495 2675 497 2675 498 2674 499 2674 501 2673 502 2673 503 2672 504 2672 505 2671 506 2671 507 2670 508 2670 509 2669 510 2669 513 2668 514 2668 516 2667 517 2667 518 2666 519 2666 520 2665 521 2665 533 2664 534 2664 536 2663 537 2663 538 2661 540 2661 541 2659 543 2659 544 2658 545 2658 546 2657 547 2657 548 2656 549 2656 551 2655 552 2655 553 2653 555 2653 576 2659 582 2660 582 2662 584 2663 584 2664 585 2676 585 2677 584 2678 584 2679 583 2680 583 2682 581 2682 580 2683 579 2683 578 2685 576 2685 575 2687 573 2687 572 2688 571 2688 570 2690 568 2690 567 2691 566 2691 565 2693 563 2693 562 2694 561 2694 558 2695 557 2695 555 2696 554 2696 552 2697 551 2697 549 2698 548 2698 547 2699 546 2699 545 2700 544 2700 543 2701 542 2701 541 2704 538 2704 537 2706 535 2706 533 2707 532 2707 530 2708 529 2708 527 2709 526 2709 524 2710 523 2710 521 2711 520 2711 518 2712 517 2712 515 2713 514 2713 513 2714 512 2714 502 2713 501 2713 498 2712 497 2712 496 2709 493 2708 493 2707 492 2705 492 2704 491 2703 491 2702 490 2700 490 2699 489 2698 489 2697 488 0.7113
0 1820 868 1819 869 1817 869 1815 871 1815 872 1809 878 1808 878 1804 882 1804 895 1805 896 1805 897 1811 903 1811 904 1813 906 1813 907 1815 909 1815 910 1816 911 1816 912 1817 913 1817 914 1818 915 1818 916 1823 921 1823 922 1824 923 1824 924 1825 925 1825 926 1826 927 1826 929 1827 930 1827 931 1828 932 1828 933 1829 934 1829 936 1835 942 1835 943 1836 944 1836 945 1838 947 1838 948 1844 954 1844 955 1845 956 1845 957 1846 958 1846 959 1847 960 1847 961 1859 961 1859 960 1863 956 1863 955 1865 953 1866 953 1867 952 1869 952 1870 951 1871 951 1872 950 1873 950 1874 949 1875 949 1877 947 1877 936 1876 935 1876 933 1875 932 1875 930 1874 929 1874 928 1873 927 1873 926 1871 924 1871 923 1860 912 1860 911 1856 907 1856 906 1855 905 1855 893 1853 891 1852 891 1847 886 1847 885 1843 881 1842 881 1841 880 1840 880 1839 879 1838 879 1834 875 1834 874 1832 872 1832 870 1830 868 0.6864
0 3338 1442 3337 1443 3336 1443 3334 1445 3333 1445 3333 1460 3334 1461 3334 1462 3335 1463 3335 1464 3337 1466 3337 1467 3341 1471 3342 1471 3343 1472 3344 1472 3346 1474 3347 1474 3350 1477 3351 1477 3353 1479 3356 1479 3357 1480 3371 1480 3372 1481 3380 1481 3381 1480 3386 1480 3387 1479 3391 1479 3392 1480 3397 1480 3398 1481 3416 1481 3417 1480 3419 1480 3420 1479 3421 1479 3425 1475 3425 1472 3426 1471 3426 1466 3427 1465 3427 1456 3426 1455 3426 1454 3422 1450 3421 1450 3419 1448 3417 1448 3416 1447 3415 1447 3414 1446 3405 1446 3404 1445 3379 1445 3378 1446 3376 1446 3375 1445 3365 1445 3364 1444 3358 1444 3357 1443 3354 1443 3353 1442 0.7254
0 15 180 15 181 10 186 10 187 9 188 9 189 8 190 8 191 7 192 7 193 5 195 1 195 1 210 6 210 7 211 8 211 10 213 11 213 12 214 13 214 15 216 16 216 17 217 18 217 20 219 21 219 24 222 25 222 28 225 29 225 31 227 32 227 34 229 35 229 43 237 44 237 49 242 50 242 54 246 55 246 66 257 69 257 70 258 85 258 91 252 91 251 94 248 95 248 95 231 94 230 93 230 87 224 86 224 83 221 81 221 79 219 78 219 76 217 75 217 73 215 72 215 66 209 64 209 63 208 62 208 61 207 60 207 58 205 57 205 55 203 55 202 53 200 53 199 52 199 51 198 50 198 49 197 48 197 47 196 46 196 44 194 43 194 41 192 40 192 29 181 28 181 27 180 0.6963
0 233 364 230 367 230 368 228 370 228 371 226 373 226 374 225 375 225 385 226 386 226 387 227 388 227 389 228 389 234 395 235 395 240 400 240 401 241 402 242 402 243 403 244 403 245 404 246 404 247 405 248 405 250 407 251 407 255 411 255 412 258 415 259 415 261 417 262 417 265 420 266 420 269 423 270 423 271 424 272 424 273 425 274 425 275 426 276 426 283 433 284 433 286 435 307 435 308 434 308 433 309 432 309 431 310 430 310 429 311 428 311 410 304 403 303 403 301 401 300 401 298 399 297 399 294 396 293 396 291 394 290 394 288 392 287 392 285 390 284 390 282 388 281 388 274 381 274 380 273 379 273 378 272 377 271 377 268 374 267 374 265 372 264 372 262 370 261 370 258 367 257 367 256 366 255 366 254 365 253 365 252 364 0.6988
0 1906 1 1906 5 1904 7 1903 7 1898 12 1898 13 1897 14 1897 15 1896 16 1896 17 1894 19 1894 20 1893 21 1893 22 1891 24 1891 25 1889 27 1889 29 1886 32 1886 33 1885 34 1885 35 1884 36 1884 37 1883 38 1883 39 1882 40 1882 42 1881 43 1881 47 1880 48 1880 50 1879 51 1879 52 1878 53 1878 67 1880 69 1881 69 1883 71 1884 71 1886 73 1888 73 1889 74 1902 74 1903 73 1904 73 1905 72 1906 72 1909 69 1910 69 1914 65 1914 64 1915 63 1915 62 1917 60 1917 59 1922 54 1922 53 1924 51 1924 50 1925 49 1925 47 1926 46 1926 44 1927 43 1927 41 1928 40 1928 39 1929 38 1929 37 1930 36 1930 35 1931 34 1931 33 1934 30 1934 29 1935 28 1935 24 1936 23 1936 14 1934 12 1934 11 1933 10 1933 8 1932 7 1932 1 0.6620
0 3806 1544 3805 1545 3797 1545 3796 1546 3795 1546 3794 1547 3793 1547 3789 1551 3789 1552 3788 1553 3788 1568 3790 1570 3790 1571 3793 1574 3794 1574 3796 1576 3798 1576 3799 1577 3800 1577 3802 1579 3803 1579 3804 1580 3805 1580 3807 1582 3824 1582 3825 1583 3829 1583 3830 1584 3838 1584 3838 1547 3831 1547 3830 1546 3820 1546 3819 1545 3813 1545 3812 1544 0.7162
0 2469 1306 2468 1307 2465 1307 2465 1308 2459 1314 2459 1325 2460 1326 2461 1326 2462 1327 2463 1327 2466 1330 2467 1330 2475 1338 2476 1338 2477 1339 2478 1339 2479 1340 2480 1340 2481 1341 2482 1341 2483 1342 2484 1342 2487 1345 2487 1346 2489 1348 2489 1349 2491 1349 2492 1350 2496 1350 2497 1351 2499 1351 2500 1352 2501 1352 2503 1354 2504 1354 2505 1355 2506 1355 2507 1356 2508 1356 2511 1359 2532 1359 2534 1357 2535 1357 2536 1356 2537 1356 2540 1353 2540 1352 2543 1349 2543 1347 2544 1346 2544 1345 2546 1343 2546 1334 2545 1334 2541 1330 2540 1330 2537 1327 2536 1327 2535 1326 2533 1326 2532 1325 2531 1325 2530 1324 2529 1324 2528 1323 2527 1323 2526 1322 2523 1322 2522 1321 2520 1321 2519 1320 2516 1320 2515 1319 2514 1319 2513 1318 2512 1318 2511 1317 2510 1317 2509 1316 2508 1316 2507 1315 2506 1315 2505 1314 2504 1314 2503 1313 2502 1313 2501 1312 2500 1312 2499 1311 2497 1311 2496 1310 2494 1310 2493 1309 2491 1309 2490 1308 2486 1308 2485 1307 2482 1307 2481 1306 0.6591
0 1951 889 1947 893 1946 893 1939 900 1939 914 1941 916 1941 917 1946 922 1946 923 1948 925 1948 926 1949 927 1949 928 1957 936 1957 937 1958 938 1958 939 1960 941 1960 947 1961 948 1961 953 1966 953 1967 954 1971 954 1972 955 1973 955 1975 957 1975 958 1976 959 1976 960 1977 961 1977 962 1978 963 1978 964 1980 966 1981 966 1982 967 1983 967 1984 968 1996 968 1999 965 1999 964 2002 961 2002 960 2009 953 2009 952 2013 948 2013 935 2012 934 2012 933 2010 931 2010 930 2009 929 2008 929 2001 922 2001 921 2000 920 2000 919 1997 916 1996 916 1994 914 1993 914 1988 909 1988 908 1985 905 1983 905 1982 904 1981 904 1979 902 1978 902 1976 900 1976 899 1975 898 1975 897 1974 896 1974 895 1973 894 1973 893 1972 893 1971 892 1970 892 1968 890 1967 890 1966 889 0.6400
2 2243 1529 2241 1531 2240 1531 2239 1532 2238 1532 2237 1533 2236 1533 2234 1535 2233 1535 2232 1536 2231 1536 2229 1538 2228 1538 2227 1539 2226 1539 2225 1540 2224 1540 2217 1547 2216 1547 2214 1549 2213 1549 2209 1553 2208 1553 2205 1556 2204 1556 2203 1557 2202 1557 2198 1561 2197 1561 2196 1562 2195 1562 2194 1563 2193 1563 2192 1564 2191 1564 2190 1565 2189 1565 2187 1567 2187 1568 2185 1570 2184 1570 2181 1573 2180 1573 2179 1574 2178 1574 2178 1586 2180 1588 2180 1589 2181 1590 2182 1590 2188 1596 2188 1597 2189 1598 2189 1599 2190 1600 2190 1601 2192 1601 2193 1602 2207 1602 2210 1599 2211 1599 2212 1598 2213 1598 2214 1597 2215 1597 2217 1595 2218 1595 2220 1593 2221 1593 2222 1592 2223 1592 2225 1590 2226 1590 2227 1589 2228 1589 2231 1586 2232 1586 2235 1583 2236 1583 2240 1579 2241 1579 2242 1578 2244 1578 2245 1577 2246 1577 2247 1576 2248 1576 2249 1575 2251 1575 2252 1574 2254 1574 2255 1573 2259 1573 2260 1572 2262 1572 2263 1571 2264 1571 2265 1570 2266 1570 2270 1566 2270 1564 2271 1563 2271 1561 2272 1560 2272 1544 2271 1543 2271 1541 2270 1541 2261 1532 2260 1532 2257 1529 0.6739
0 1365 742 1363 744 1362 744 1362 745 1361 746 1361 747 1360 748 1360 749 1359 750 1359 773 1360 774 1362 774 1363 775 1365 775 1366 776 1367 776 1368 777 1369 777 1374 782 1374 783 1375 783 1377 785 1378 785 1379 786 1381 786 1382 787 1383 787 1384 788 1385 788 1386 789 1387 789 1388 790 1389 790 1391 792 1392 792 1398 798 1398 799 1403 804 1404 804 1405 805 1406 805 1407 806 1408 806 1409 807 1411 807 1412 808 1414 808 1415 809 1426 809 1429 806 1430 806 1432 804 1433 804 1437 800 1438 800 1440 798 1441 798 1442 797 1442 785 1441 785 1439 783 1438 783 1436 781 1435 781 1433 779 1431 779 1429 777 1428 777 1426 775 1426 774 1425 773 1424 773 1420 769 1419 769 1418 768 1417 768 1414 765 1414 764 1409 759 1407 759 1406 758 1405 758 1404 757 1403 757 1402 756 1401 756 1394 749 1393 749 1392 748 1391 748 1390 747 1389 747 1386 744 1385 744 1384 743 1382 743 1381 742 0.6671
0 130 280 127 283 127 284 126 285 126 287 125 288 125 303 126 304 126 305 127 306 128 306 130 308 131 308 134 311 135 311 138 314 139 314 140 315 141 315 144 318 145 318 146 319 147 319 149 321 150 321 151 322 152 322 154 324 155 324 157 326 157 327 162 332 163 332 164 333 165 333 167 335 168 335 170 337 170 338 171 339 171 340 173 342 174 342 175 343 176 343 177 344 178 344 179 345 180 345 182 347 183 347 185 349 199 349 200 348 201 348 201 347 205 343 205 342 206 341 206 340 207 339 207 337 208 336 208 325 206 323 206 322 203 319 203 318 202 318 197 313 195 313 194 312 193 312 191 310 190 310 187 307 187 306 186 306 185 305 184 305 183 304 182 304 181 303 180 303 179 302 178 302 173 297 171 297 170 296 169 296 167 294 166 294 165 293 164 293 161 290 159 290 158 289 157 289 156 288 155 288 154 287 153 287 149 283 149 281 148 280 0.6611
0 2871 1324 2870 1325 2869 1325 2865 1329 2864 1329 2862 1331 2862 1352 2864 1354 2865 1354 2868 1357 2869 1357 2872 1360 2873 1360 2874 1361 2878 1361 2879 1362 2883 1362 2884 1363 2891 1363 2892 1364 2900 1364 2901 1363 2906 1363 2907 1362 2913 1362 2914 1363 2934 1363 2935 1362 2936 1362 2938 1360 2939 1360 2941 1358 2941 1357 2943 1355 2943 1354 2944 1353 2944 1352 2945 1351 2945 1350 2946 1349 2946 1348 2947 1347 2947 1338 2945 1336 2944 1336 2943 1335 2942 1335 2941 1334 2940 1334 2939 1333 2938 1333 2937 1332 2936 1332 2935 1331 2934 1331 2933 1330 2930 1330 2929 1329 2925 1329 2924 1328 2919 1328 2918 1327 2913 1327 2912 1326 2906 1326 2905 1325 2895 1325 2894 1324 0.6881
1 1807 2048 1806 2049 1805 2049 1804 2050 1804 2051 1802 2053 1802 2054 1801 2055 1801 2064 1800 2065 1800 2071 1798 2073 1798 2074 1797 2075 1797 2076 1796 2077 1796 2078 1795 2079 1795 2080 1794 2081 1794 2082 1793 2083 1793 2086 1792 2087 1792 2088 1791 2089 1791 2090 1790 2091 1790 2092 1788 2094 1788 2095 1787 2096 1787 2097 1786 2098 1786 2099 1784 2101 1784 2102 1782 2104 1782 2105 1781 2106 1781 2107 1780 2108 1780 2109 1779 2110 1779 2111 1770 2120 1770 2122 1769 2123 1769 2125 1768 2126 1768 2127 1767 2128 1767 2129 1766 2130 1766 2133 1765 2134 1765 2136 1764 2137 1764 2140 1763 2141 1763 2143 1762 2144 1762 2158 1809 2158 1809 2154 1810 2153 1810 2151 1811 2150 1811 2149 1812 2148 1812 2147 1813 2146 1813 2145 1817 2141 1817 2140 1818 2139 1818 2137 1819 2136 1819 2134 1820 2133 1820 2132 1821 2131 1821 2130 1822 2129 1822 2128 1823 2127 1823 2126 1824 2125 1824 2124 1827 2121 1827 2120 1830 2117 1830 2116 1831 2115 1831 2113 1832 2112 1832 2111 1834 2109 1834 2108 1835 2107 1835 2106 1836 2105 1836 2104 1837 2103 1837 2102 1838 2101 1838 2100 1839 2099 1839 2098 1841 2096 1841 2095 1842 2094 1842 2089 1843 2088 1843 2086 1844 2085 1844 2083 1846 2081 1846 2080 1847 2079 1847 2078 1849 2076 1849 2061 1847 2059 1847 2058 1846 2058 1845 2057 1842 2057 1841 2056 1840 2056 1839 2055 1837 2055 1835 2053 1834 2053 1832 2051 1831 2051 1829 2049 1826 2049 1825 2048 0.6581
0 2808 1059 2807 1060 2803 1060 2802 1061 2801 1061 2800 1062 2799 1062 2797 1064 2797 1065 2795 1067 2795 1068 2793 1070 2793 1071 2792 1072 2792 1085 2799 1092 2800 1092 2802 1094 2804 1094 2805 1095 2806 1095 2807 1096 2808 1096 2811 1099 2812 1099 2814 1101 2815 1101 2816 1102 2817 1102 2820 1105 2821 1105 2823 1107 2823 1108 2824 1109 2825 1109 2826 1110 2829 1110 2830 1111 2832 1111 2833 1112 2834 1112 2835 1113 2836 1113 2837 1114 2839 1114 2840 1115 2855 1115 2856 1114 2859 1114 2860 1113 2862 1113 2863 1112 2864 1112 2865 1111 2867 1111 2868 1110 2870 1110 2871 1109 2873 1109 2874 1108 2875 1108 2877 1106 2878 1106 2883 1101 2883 1093 2881 1091 2881 1090 2879 1088 2879 1087 2878 1086 2878 1085 2875 1082 2874 1082 2873 1081 2872 1081 2871 1080 2869 1080 2868 1079 2866 1079 2865 1078 2863 1078 2862 1077 2860 1077 2859 1076 2857 1076 2856 1075 2855 1075 2854 1074 2853 1074 2852 1073 2850 1073 2849 1072 2846 1072 2845 1071 2842 1071 2841 1070 2837 1070 2836 1069 2834 1069 2833 1068 2831 1068 2830 1067 2829 1067 2828 1066 2827 1066 2825 1064 2824 1064 2823 1063 2822 1063 2820 1061 2819 1061 2817 1059 0.6297
0 2140 1091 2138 1093 2137 1093 2134 1096 2133 1096 2131 1098 2130 1098 2130 1118 2132 1120 2132 1121 2133 1121 2137 1125 2138 1125 2151 1138 2152 1138 2154 1140 2155 1140 2157 1142 2158 1142 2166 1150 2167 1150 2170 1153 2170 1154 2176 1160 2177 1160 2178 1161 2180 1161 2182 1163 2183 1163 2184 1164 2185 1164 2188 1167 2200 1167 2202 1165 2202 1164 2203 1163 2203 1162 2205 1160 2206 1160 2207 1159 2209 1159 2210 1158 2214 1158 2215 1157 2215 1138 2214 1137 2214 1135 2212 1133 2210 1133 2209 1132 2207 1132 2205 1130 2204 1130 2200 1126 2200 1125 2195 1120 2194 1120 2192 1118 2191 1118 2190 1117 2189 1117 2187 1115 2186 1115 2184 1113 2183 1113 2178 1108 2177 1108 2176 1107 2175 1107 2173 1105 2172 1105 2166 1099 2166 1098 2165 1097 2164 1097 2163 1096 2162 1096 2161 1095 2160 1095 2159 1094 2158 1094 2157 1093 2155 1093 2154 1092 2152 1092 2151 1091 0.6506
2 462 667 461 668 461 669 460 670 460 671 458 673 458 674 455 677 455 678 453 680 453 681 448 686 447 686 444 689 443 689 437 695 436 694 435 694 434 693 428 693 427 692 427 685 426 684 426 683 425 682 425 680 424 679 424 678 423 678 421 676 420 676 419 675 418 675 413 670 412 670 411 669 410 669 409 668 396 668 394 670 393 670 389 674 389 675 388 676 388 677 387 678 387 679 384 682 384 683 382 685 382 698 384 700 384 701 385 701 386 702 387 702 388 703 389 703 390 704 392 704 393 705 395 705 396 706 397 706 399 708 411 708 412 709 412 724 413 725 412 726 412 727 410 729 410 741 424 741 425 740 426 740 427 739 433 739 434 738 438 738 439 739 442 739 443 740 447 740 448 741 452 741 453 742 455 742 456 743 487 743 488 742 488 741 489 740 490 740 491 739 491 726 489 724 488 724 485 721 483 721 482 720 480 720 479 719 478 719 474 715 462 715 461 714 461 713 462 712 463 712 463 710 464 709 464 701 466 699 466 698 470 694 471 694 476 689 476 688 478 686 478 685 480 683 480 671 478 669 477 669 476 668 475 668 474 667 0.4993
0 2141 1212 2138 1215 2138 1235 2139 1236 2140 1236 2141 1237 2142 1237 2143 1238 2144 1238 2147 1241 2147 1242 2153 1248 2154 1248 2155 1249 2156 1249 2158 1251 2159 1251 2163 1255 2164 1255 2165 1256 2166 1256 2167 1257 2168 1257 2169 1258 2170 1258 2176 1264 2176 1265 2177 1266 2178 1266 2179 1267 2181 1267 2182 1268 2184 1268 2185 1269 2187 1269 2188 1270 2189 1270 2190 1271 2191 1271 2192 1272 2193 1272 2194 1273 2195 1273 2197 1275 2205 1275 2209 1271 2210 1271 2212 1269 2213 1269 2214 1268 2219 1268 2219 1254 2215 1250 2214 1250 2213 1249 2212 1249 2211 1248 2210 1248 2209 1247 2208 1247 2202 1241 2201 1241 2200 1240 2199 1240 2197 1238 2196 1238 2194 1236 2193 1236 2191 1234 2190 1234 2189 1233 2188 1233 2186 1231 2185 1231 2183 1229 2182 1229 2176 1223 2175 1223 2169 1217 2168 1217 2167 1216 2165 1216 2164 1215 2162 1215 2161 1214 2160 1214 2159 1213 2157 1213 2156 1212 0.6398
0 327 452 327 475 328 476 328 477 330 479 330 480 335 485 336 485 337 486 338 486 340 488 341 488 343 490 344 490 353 499 354 499 355 500 356 500 357 501 358 501 360 503 361 503 364 506 364 507 373 516 373 517 375 519 375 520 377 522 378 522 379 523 382 523 383 524 384 524 385 525 387 525 388 526 401 526 405 522 405 521 407 519 407 518 415 510 415 498 414 497 413 497 410 494 409 494 401 486 400 486 399 485 398 485 397 484 396 484 393 481 392 481 390 479 390 478 389 477 388 477 384 473 383 473 382 472 381 472 380 471 378 471 377 470 375 470 374 469 373 469 367 463 367 462 366 461 365 461 364 460 363 460 361 458 360 458 358 456 357 456 353 452 0.6271
0 1779 378 1777 380 1777 381 1776 382 1776 383 1775 384 1775 387 1774 388 1774 393 1773 394 1773 396 1772 397 1772 398 1770 400 1770 401 1769 402 1769 403 1768 404 1768 406 1767 407 1767 410 1766 411 1766 468 1769 468 1770 469 1772 469 1773 470 1774 470 1775 471 1776 471 1777 472 1778 472 1779 473 1787 473 1788 472 1789 472 1793 468 1793 466 1794 465 1794 463 1795 462 1795 460 1796 459 1796 458 1797 457 1797 455 1798 454 1798 453 1799 452 1799 451 1800 450 1800 441 1801 440 1801 436 1802 435 1802 433 1803 432 1803 430 1804 429 1804 426 1805 425 1805 422 1806 421 1806 419 1807 418 1807 415 1808 414 1808 412 1809 411 1809 410 1810 409 1810 408 1812 406 1812 405 1814 403 1814 395 1813 394 1813 391 1812 390 1812 389 1810 387 1810 386 1806 382 1805 382 1804 381 1803 381 1802 380 1801 380 1800 379 1799 379 1798 378 0.6252
0 701 739 700 740 699 740 697 742 697 743 694 746 694 757 695 758 695 759 696 760 696 761 697 762 698 762 700 764 701 764 703 766 704 766 707 769 708 769 715 776 716 776 722 782 723 782 726 785 727 785 728 786 730 786 731 787 732 787 733 788 734 788 735 789 737 789 738 790 739 790 741 792 742 792 745 795 754 795 757 792 757 791 762 786 762 774 759 771 759 770 757 768 756 768 752 764 751 764 749 762 748 762 747 761 746 761 745 760 744 760 743 759 742 759 741 758 740 758 739 757 738 757 737 756 735 756 734 755 733 755 731 753 730 753 726 749 725 749 724 748 723 748 721 746 720 746 713 739 0.6422
0 3170 1356 3169 1357 3168 1357 3167 1358 3166 1358 3165 1359 3165 1388 3166 1388 3167 1389 3168 1389 3170 1391 3172 1391 3173 1392 3174 1392 3175 1393 3177 1393 3178 1394 3179 1394 3180 1395 3181 1395 3182 1396 3183 1396 3185 1398 3191 1398 3192 1397 3195 1397 3196 1396 3200 1396 3201 1395 3204 1395 3205 1394 3214 1394 3215 1395 3221 1395 3222 1396 3229 1396 3230 1397 3241 1397 3242 1396 3246 1396 3247 1395 3249 1395 3250 1394 3251 1394 3252 1393 3253 1393 3254 1392 3255 1392 3256 1391 3257 1391 3261 1387 3261 1386 3262 1385 3262 1373 3254 1365 3253 1365 3252 1364 3250 1364 3249 1363 3247 1363 3246 1362 3240 1362 3239 1361 3224 1361 3223 1362 3221 1362 3220 1361 3217 1361 3216 1360 3208 1360 3207 1359 3201 1359 3200 1358 3195 1358 3194 1357 3184 1357 3183 1356 0.6420
0 754 349 753 350 751 350 750 351 749 351 747 353 747 354 746 355 746 356 744 358 744 359 743 360 743 377 745 379 746 379 750 383 752 383 753 384 754 384 755 385 756 385 761 390 762 390 764 392 765 392 766 393 767 393 769 395 770 395 771 396 772 396 773 397 774 397 775 398 776 398 778 400 779 400 781 402 782 402 785 405 786 405 789 408 790 408 796 414 797 414 798 415 799 415 800 416 801 416 803 418 804 418 809 423 821 423 822 422 822 421 825 418 825 417 828 414 829 414 829 413 831 411 831 410 833 408 833 398 832 398 825 391 825 390 823 388 822 388 821 387 820 387 819 386 818 386 817 385 816 385 815 384 814 384 807 377 805 377 804 376 803 376 801 374 800 374 798 372 797 372 796 371 795 371 793 369 792 369 790 367 789 367 787 365 786 365 785 364 784 364 783 363 781 363 779 361 778 361 775 358 775 357 773 355 773 354 772 353 771 353 769 351 768 351 766 349 0.6786
0 614 735 613 736 612 736 611 737 609 737 608 738 607 738 605 740 605 741 604 742 604 743 603 744 603 745 602 746 602 760 605 763 605 764 608 767 609 767 613 771 614 771 616 773 617 773 618 774 619 774 621 776 622 776 623 777 624 777 626 779 627 779 629 781 630 781 632 783 633 783 634 784 634 785 640 791 640 792 645 797 646 797 647 798 648 798 650 800 651 800 654 803 655 803 656 804 657 804 659 806 660 806 664 810 680 810 680 809 691 798 691 797 692 796 692 784 690 782 689 782 686 779 685 779 682 776 682 775 680 773 680 772 679 771 679 770 677 768 676 768 675 767 674 767 673 766 672 766 671 765 670 765 669 764 668 764 666 762 665 762 664 761 663 761 662 760 661 760 655 754 655 753 653 751 653 750 652 749 651 749 650 748 649 748 647 746 646 746 643 743 642 743 641 742 640 742 639 741 638 741 637 740 636 740 634 738 633 738 632 737 631 737 630 736 628 736 627 735 0.6448
0 2295 1329 2294 1330 2294 1331 2288 1337 2288 1352 2293 1357 2294 1357 2297 1360 2298 1360 2299 1361 2300 1361 2301 1362 2302 1362 2303 1363 2304 1363 2305 1364 2306 1364 2307 1365 2308 1365 2311 1368 2312 1368 2318 1374 2319 1374 2320 1375 2321 1375 2323 1377 2324 1377 2325 1378 2326 1378 2327 1379 2328 1379 2330 1381 2331 1381 2332 1382 2333 1382 2334 1383 2338 1383 2339 1384 2341 1384 2342 1385 2343 1385 2344 1386 2362 1386 2363 1385 2364 1385 2368 1381 2369 1381 2369 1380 2371 1378 2371 1377 2372 1376 2372 1375 2373 1374 2373 1360 2372 1360 2369 1357 2367 1357 2366 1356 2365 1356 2364 1355 2363 1355 2362 1354 2361 1354 2357 1350 2356 1350 2355 1349 2354 1349 2353 1348 2351 1348 2350 1347 2349 1347 2348 1346 2347 1346 2346 1345 2344 1345 2343 1344 2342 1344 2341 1343 2340 1343 2339 1342 2338 1342 2337 1341 2336 1341 2334 1339 2333 1339 2332 1338 2329 1338 2328 1337 2326 1337 2325 1336 2324 1336 2321 1333 2320 1333 2319 1332 2318 1332 2317 1331 2316 1331 2315 1330 2314 1330 2313 1329 0.6332
0 473 558 472 559 472 588 473 589 474 589 476 591 477 591 483 597 484 597 486 599 487 599 490 602 491 602 492 603 492 604 496 608 496 609 500 613 501 613 506 618 507 618 509 620 510 620 512 622 513 622 515 624 516 624 517 625 518 625 519 626 520 626 521 627 523 627 524 628 526 628 527 629 543 629 544 628 545 628 547 626 547 625 549 623 549 622 551 620 551 619 552 618 552 617 553 616 553 602 551 600 551 599 545 593 544 593 543 592 542 592 540 590 539 590 538 589 537 589 533 585 531 585 530 584 529 584 528 583 527 583 526 582 525 582 524 581 523 581 522 580 521 580 520 579 519 579 518 578 516 578 515 577 514 577 512 575 511 575 506 570 506 569 505 568 504 568 502 566 501 566 500 565 498 565 497 564 496 564 494 562 493 562 489 558 0.6042
0 583 640 580 643 580 644 579 645 579 646 576 649 576 667 579 670 580 670 582 672 583 672 588 677 589 677 591 679 592 679 593 680 594 680 596 682 597 682 603 688 603 689 606 692 607 692 609 694 610 694 612 696 613 696 616 699 617 699 619 701 620 701 621 702 623 702 624 703 626 703 627 704 630 704 631 705 645 705 646 704 646 702 647 701 647 700 649 698 649 697 651 695 651 694 653 692 653 681 652 680 652 678 641 667 640 667 638 665 637 665 636 664 635 664 634 663 633 663 631 661 630 661 629 660 628 660 626 658 625 658 624 657 623 657 621 655 620 655 618 653 617 653 616 652 615 652 614 651 613 651 612 650 611 650 610 649 609 649 608 648 607 648 601 642 601 641 600 640 0.6340
0 885 561 884 562 882 562 881 563 880 563 875 568 875 587 879 591 880 591 881 592 882 592 883 593 884 593 890 599 890 600 894 604 894 605 896 607 897 607 900 610 901 610 903 612 904 612 905 613 906 613 908 615 909 615 915 621 917 621 922 626 923 626 926 629 927 629 928 630 929 630 930 631 931 631 932 632 933 632 934 633 935 633 936 634 937 634 939 636 940 636 942 638 946 638 947 639 949 639 950 640 970 640 970 614 969 613 968 613 967 612 966 612 964 610 963 610 959 606 958 606 957 605 956 605 955 604 954 604 941 591 940 591 937 588 936 588 931 583 930 583 928 581 927 581 925 579 924 579 922 577 921 577 919 575 918 575 917 574 916 574 914 572 913 572 911 570 910 570 909 569 908 569 905 566 904 566 902 564 901 564 899 562 898 562 897 561 0.6011
0 1 254 1 308 8 308 9 309 22 309 23 308 25 308 26 307 28 307 29 306 30 306 30 305 31 304 31 303 32 302 32 301 33 300 33 299 34 298 34 277 31 274 31 273 29 271 29 270 28 270 26 268 25 268 22 265 21 265 18 262 18 261 17 261 16 260 14 260 13 259 12 259 11 258 10 258 9 257 8 257 5 254 0.6029
0 79 325 78 326 77 326 75 328 74 328 73 329 73 331 72 332 72 334 71 335 71 345 72 346 72 349 73 350 73 357 74 358 74 362 75 363 75 364 78 367 79 367 80 368 81 368 83 370 84 370 89 375 90 375 91 376 97 376 98 377 102 377 104 379 105 379 107 381 108 381 109 382 111 382 112 383 114 383 121 390 122 390 123 391 124 391 125 392 128 392 129 393 134 393 135 394 153 394 155 392 155 371 153 369 153 368 152 367 152 366 151 366 150 365 149 365 148 364 146 364 145 363 144 363 143 362 142 362 136 356 136 355 134 353 133 353 132 352 131 352 130 351 129 351 126 348 125 348 124 347 122 347 121 346 120 346 119 345 118 345 113 340 111 340 109 338 108 338 102 332 102 331 101 330 100 330 99 329 97 329 96 328 94 328 92 326 91 326 90 325 0.5153
2 2572 1411 2570 1413 2570 1414 2569 1415 2569 1416 2568 1417 2568 1418 2567 1419 2567 1420 2566 1421 2566 1422 2565 1423 2565 1424 2564 1425 2564 1436 2574 1436 2581 1443 2581 1444 2585 1448 2586 1448 2587 1449 2588 1449 2589 1450 2590 1450 2591 1451 2592 1451 2593 1452 2594 1452 2595 1453 2596 1453 2597 1454 2598 1454 2599 1455 2600 1455 2601 1456 2602 1456 2604 1458 2604 1459 2605 1460 2606 1460 2608 1462 2610 1462 2611 1463 2616 1463 2617 1464 2639 1464 2640 1465 2648 1465 2649 1466 2660 1466 2661 1465 2664 1465 2665 1464 2666 1464 2669 1461 2669 1458 2670 1457 2670 1455 2671 1454 2671 1452 2672 1451 2672 1450 2673 1449 2673 1438 2672 1437 2672 1435 2671 1434 2671 1433 2668 1430 2667 1430 2666 1429 2664 1429 2663 1428 2661 1428 2660 1427 2652 1427 2651 1426 2644 1426 2643 1425 2640 1425 2639 1424 2636 1424 2635 1423 2628 1423 2627 1422 2618 1422 2617 1421 2611 1421 2610 1420 2606 1420 2605 1419 2602 1419 2601 1418 2598 1418 2597 1417 2596 1417 2595 1416 2593 1416 2592 1415 2591 1415 2589 1413 2588 1413 2587 1412 2585 1412 2584 1411 0.5315
0 3647 1664 3647 1666 3646 1667 3646 1674 3648 1674 3649 1675 3651 1675 3652 1676 3654 1676 3660 1682 3660 1683 3661 1684 3661 1685 3662 1686 3662 1688 3663 1689 3663 1691 3666 1694 3671 1694 3672 1695 3678 1695 3679 1694 3681 1694 3682 1693 3683 1693 3684 1692 3685 1692 3686 1691 3687 1691 3689 1689 3697 1689 3698 1688 3701 1688 3702 1689 3704 1689 3705 1690 3706 1690 3707 1691 3708 1691 3709 1692 3710 1692 3711 1693 3712 1693 3713 1694 3714 1694 3715 1695 3717 1695 3718 1696 3720 1696 3721 1697 3724 1697 3725 1698 3742 1698 3743 1697 3743 1681 3737 1675 3737 1674 3736 1674 3735 1673 3733 1673 3732 1672 3731 1672 3730 1671 3728 1671 3727 1670 3723 1670 3722 1669 3717 1669 3716 1668 3711 1668 3710 1667 3703 1667 3702 1666 3693 1666 3692 1665 3686 1665 3685 1664 0.4496
0 3796 1674 3795 1675 3793 1675 3792 1676 3790 1676 3788 1678 3787 1678 3787 1698 3794 1698 3795 1697 3798 1697 3801 1700 3802 1700 3806 1704 3807 1704 3810 1707 3811 1707 3813 1709 3814 1709 3816 1711 3817 1711 3821 1715 3822 1715 3823 1716 3824 1716 3825 1717 3827 1717 3828 1718 3829 1718 3830 1719 3831 1719 3832 1720 3838 1720 3838 1680 3833 1680 3832 1679 3830 1679 3829 1678 3826 1678 3825 1677 3822 1677 3821 1676 3816 1676 3815 1675 3811 1675 3810 1674 0.4062
