1 1642 1030 1641 1031 1641 1032 1640 1033 1640 1034 1639 1035 1639 1037 1638 1038 1638 1039 1637 1040 1637 1042 1636 1043 1636 1045 1635 1046 1635 1049 1634 1050 1634 1052 1633 1053 1633 1055 1632 1056 1632 1057 1631 1058 1631 1059 1630 1060 1630 1061 1629 1062 1629 1064 1628 1065 1628 1066 1627 1067 1627 1068 1626 1069 1626 1071 1625 1072 1625 1074 1624 1075 1624 1076 1623 1077 1623 1078 1622 1079 1622 1080 1621 1081 1621 1082 1619 1084 1619 1085 1618 1086 1618 1087 1617 1088 1617 1090 1616 1091 1616 1092 1615 1093 1615 1094 1614 1095 1614 1096 1613 1097 1613 1100 1612 1101 1612 1104 1611 1105 1611 1106 1610 1107 1610 1108 1609 1109 1609 1111 1608 1112 1608 1113 1607 1114 1607 1115 1605 1117 1605 1118 1602 1121 1602 1122 1601 1123 1601 1126 1600 1127 1600 1128 1599 1129 1599 1131 1598 1132 1598 1133 1597 1134 1597 1135 1596 1136 1596 1138 1595 1139 1595 1140 1594 1141 1594 1143 1593 1144 1593 1145 1592 1146 1592 1148 1591 1149 1591 1150 1590 1151 1590 1152 1589 1153 1589 1154 1588 1155 1588 1156 1586 1158 1586 1159 1585 1160 1585 1161 1584 1162 1584 1163 1583 1164 1583 1165 1582 1166 1582 1167 1580 1169 1580 1171 1579 1172 1579 1189 1580 1190 1583 1190 1584 1191 1589 1191 1590 1192 1592 1192 1595 1195 1596 1195 1597 1196 1598 1196 1600 1198 1601 1198 1602 1199 1620 1199 1621 1198 1622 1198 1622 1197 1624 1195 1624 1194 1625 1193 1625 1192 1626 1191 1626 1189 1627 1188 1627 1187 1628 1186 1628 1185 1629 1184 1629 1182 1630 1181 1630 1180 1632 1178 1632 1177 1633 1176 1633 1175 1635 1173 1635 1172 1637 1170 1637 1166 1638 1165 1638 1163 1639 1162 1639 1161 1643 1157 1644 1157 1644 1156 1645 1155 1645 1154 1646 1153 1646 1150 1647 1149 1647 1145 1648 1144 1648 1143 1649 1142 1649 1141 1650 1140 1650 1135 1651 1134 1651 1131 1652 1130 1652 1129 1653 1128 1653 1127 1654 1126 1654 1125 1657 1122 1657 1121 1658 1120 1658 1118 1659 1117 1659 1116 1660 1115 1660 1114 1661 1113 1661 1112 1663 1110 1663 1109 1664 1108 1664 1107 1665 1106 1665 1105 1666 1104 1666 1100 1667 1099 1667 1096 1668 1095 1668 1094 1669 1093 1669 1092 1670 1091 1670 1090 1672 1088 1672 1087 1673 1086 1673 1085 1674 1084 1674 1083 1675 1082 1675 1081 1677 1079 1677 1078 1678 1077 1678 1076 1681 1073 1681 1072 1682 1071 1682 1070 1684 1068 1684 1067 1685 1066 1685 1065 1687 1063 1687 1062 1688 1061 1688 1043 1686 1041 1686 1040 1684 1038 1682 1038 1681 1037 1677 1037 1676 1036 1672 1036 1671 1035 1668 1035 1667 1034 1666 1034 1665 1033 1664 1033 1663 1032 1662 1032 1661 1031 1660 1031 1659 1030 0.7977
0 2015 1883 2014 1884 2008 1884 2007 1885 2006 1885 2005 1886 2004 1886 2003 1887 2003 1888 2002 1889 2002 1891 2001 1892 2001 1895 2000 1896 2000 1899 1999 1900 1999 1902 1996 1905 1996 1906 1995 1907 1995 1908 1994 1909 1994 1910 1993 1911 1993 1913 1992 1914 1992 1917 1991 1918 1991 1920 1990 1921 1990 1923 1989 1924 1989 1925 1988 1926 1988 1929 1987 1930 1987 1933 1986 1934 1986 1936 1985 1937 1985 1938 1984 1939 1984 1941 1983 1942 1983 1943 1982 1944 1982 1945 1981 1946 1981 1948 1980 1949 1980 1962 1981 1963 1981 1964 1984 1967 1984 1968 1986 1970 1988 1970 1989 1971 1990 1971 1991 1972 1993 1972 1994 1973 2003 1973 2004 1972 2007 1972 2008 1971 2010 1971 2012 1969 2013 1969 2013 1968 2014 1967 2014 1966 2015 1965 2015 1961 2016 1960 2016 1957 2017 1956 2017 1955 2018 1954 2018 1952 2019 1951 2019 1950 2020 1949 2020 1948 2021 1947 2021 1946 2022 1945 2022 1944 2023 1943 2023 1941 2024 1940 2024 1938 2025 1937 2025 1936 2026 1935 2026 1934 2027 1933 2027 1932 2028 1931 2028 1930 2030 1928 2030 1927 2032 1925 2032 1923 2033 1922 2033 1920 2034 1919 2034 1916 2035 1915 2035 1911 2036 1910 2036 1897 2035 1896 2035 1891 2034 1890 2034 1886 2033 1885 2033 1883 0.7522
0 842 1258 841 1259 822 1259 821 1260 806 1260 805 1259 798 1259 797 1260 794 1260 793 1261 791 1261 790 1262 789 1262 788 1263 786 1263 785 1264 785 1265 784 1266 784 1269 783 1270 783 1283 784 1284 784 1286 785 1287 785 1288 787 1290 788 1290 789 1291 791 1291 792 1292 795 1292 796 1293 824 1293 825 1294 847 1294 848 1295 865 1295 866 1294 869 1294 873 1290 873 1289 874 1288 874 1286 875 1285 875 1282 876 1281 876 1265 875 1264 875 1263 872 1260 871 1260 870 1259 867 1259 866 1258 0.8242
0 2561 1424 2560 1425 2559 1425 2558 1426 2557 1426 2555 1428 2555 1429 2554 1430 2554 1438 2553 1439 2553 1445 2554 1446 2554 1454 2555 1455 2555 1458 2556 1459 2557 1459 2559 1461 2561 1461 2562 1462 2581 1462 2582 1463 2606 1463 2607 1464 2635 1464 2636 1463 2638 1463 2639 1462 2640 1462 2641 1461 2643 1461 2644 1460 2645 1460 2646 1459 2648 1459 2650 1457 2650 1443 2649 1442 2649 1440 2648 1439 2648 1437 2647 1436 2647 1435 2644 1432 2644 1431 2643 1431 2641 1429 2640 1429 2639 1428 2637 1428 2636 1427 2624 1427 2623 1428 2619 1428 2618 1427 2604 1427 2603 1426 2592 1426 2591 1425 2569 1425 2568 1424 0.8323
0 284 1306 283 1307 280 1307 279 1308 276 1308 275 1309 256 1309 255 1310 252 1310 251 1311 248 1311 247 1312 245 1312 244 1313 243 1313 242 1314 242 1315 241 1316 241 1317 240 1318 240 1320 239 1321 239 1333 240 1334 240 1337 241 1338 241 1339 244 1342 245 1342 246 1343 249 1343 250 1344 253 1344 254 1345 288 1345 289 1346 320 1346 321 1345 326 1345 327 1344 329 1344 330 1343 331 1343 333 1341 333 1340 335 1338 335 1337 336 1336 336 1333 337 1332 337 1320 336 1319 336 1316 335 1315 335 1313 334 1312 334 1311 330 1307 328 1307 327 1306 307 1306 306 1307 304 1307 303 1306 0.8204
0 711 1319 710 1320 703 1320 702 1321 700 1321 699 1322 698 1322 697 1323 696 1323 695 1324 694 1324 692 1326 692 1329 691 1330 691 1333 690 1334 690 1343 691 1344 691 1348 692 1349 692 1350 693 1351 694 1351 696 1353 698 1353 699 1354 703 1354 704 1355 711 1355 712 1356 724 1356 725 1355 726 1356 735 1356 736 1357 756 1357 757 1356 765 1356 766 1355 773 1355 774 1354 775 1354 780 1349 780 1342 781 1341 781 1334 780 1333 780 1327 779 1326 779 1325 775 1321 774 1321 773 1320 769 1320 768 1319 731 1319 730 1320 720 1320 719 1319 0.8268
0 1024 1144 1023 1145 1020 1145 1018 1147 1018 1148 1017 1149 1017 1150 1016 1151 1016 1152 1015 1153 1015 1154 1014 1155 1014 1170 1020 1176 1021 1176 1024 1179 1025 1179 1026 1180 1029 1180 1030 1181 1035 1181 1036 1182 1078 1182 1079 1183 1099 1183 1100 1182 1102 1182 1103 1181 1105 1181 1106 1180 1107 1180 1108 1179 1109 1179 1109 1178 1110 1177 1110 1176 1111 1175 1111 1174 1113 1172 1113 1171 1114 1170 1114 1155 1113 1154 1113 1153 1112 1152 1112 1151 1111 1150 1111 1149 1110 1148 1110 1147 1109 1146 1107 1146 1106 1145 1098 1145 1097 1144 0.8374
0 879 1391 878 1392 846 1392 845 1393 842 1393 841 1394 840 1394 839 1395 838 1395 837 1396 836 1396 834 1398 834 1399 833 1400 833 1405 832 1406 832 1415 833 1416 833 1423 834 1424 834 1425 836 1427 837 1427 838 1428 840 1428 841 1429 844 1429 845 1430 851 1430 852 1431 864 1431 865 1430 873 1430 874 1431 887 1431 888 1430 891 1430 892 1429 895 1429 896 1430 911 1430 912 1429 916 1429 917 1428 919 1428 924 1423 924 1421 925 1420 925 1401 924 1400 924 1397 922 1395 921 1395 918 1392 915 1392 914 1391 0.8381
0 659 1260 658 1261 653 1261 652 1262 651 1262 650 1263 649 1263 648 1264 647 1264 646 1265 645 1265 644 1266 644 1267 643 1268 643 1269 642 1270 642 1273 641 1274 641 1286 642 1287 642 1291 643 1292 644 1292 645 1293 648 1293 649 1294 656 1294 657 1295 660 1295 661 1296 664 1296 665 1297 671 1297 672 1296 678 1296 679 1297 682 1297 683 1298 698 1298 699 1297 703 1297 704 1298 707 1298 708 1299 721 1299 722 1298 726 1298 727 1297 728 1297 729 1296 730 1296 733 1293 733 1292 734 1291 734 1289 735 1288 735 1272 734 1271 734 1268 733 1267 733 1266 732 1265 731 1265 730 1264 729 1264 728 1263 724 1263 723 1262 717 1262 716 1261 698 1261 697 1260 0.8150
0 889 1316 888 1317 879 1317 878 1318 862 1318 861 1317 855 1317 854 1318 845 1318 844 1319 842 1319 841 1320 839 1320 837 1322 836 1322 834 1324 834 1326 833 1327 833 1346 834 1347 834 1350 838 1354 840 1354 841 1355 843 1355 844 1356 885 1356 886 1357 900 1357 901 1356 908 1356 909 1357 920 1357 921 1356 923 1356 924 1355 926 1355 927 1354 928 1354 930 1352 931 1352 934 1349 934 1345 935 1344 935 1327 934 1326 934 1324 933 1323 933 1322 931 1320 931 1319 930 1318 929 1318 928 1317 926 1317 925 1316 0.8373
0 855 1140 854 1141 851 1141 850 1142 845 1142 844 1143 840 1143 839 1144 838 1144 837 1145 836 1145 835 1146 835 1147 834 1148 834 1163 835 1164 835 1166 836 1167 836 1168 837 1169 837 1170 838 1171 839 1171 841 1173 842 1173 843 1174 844 1174 845 1175 852 1175 853 1176 864 1176 865 1175 886 1175 887 1176 893 1176 894 1177 909 1177 910 1176 913 1176 914 1175 916 1175 917 1174 918 1174 920 1172 921 1172 924 1169 924 1168 925 1167 925 1153 924 1152 924 1149 923 1148 923 1145 921 1143 920 1143 918 1141 914 1141 913 1140 897 1140 896 1141 876 1141 875 1142 868 1142 867 1141 863 1141 862 1140 0.8137
0 542 1195 541 1196 538 1196 537 1197 534 1197 533 1198 528 1198 527 1197 515 1197 514 1198 509 1198 508 1197 497 1197 493 1201 493 1202 492 1203 492 1204 491 1205 491 1210 490 1211 490 1220 491 1221 491 1222 492 1223 492 1224 498 1230 501 1230 502 1231 512 1231 513 1232 543 1232 544 1233 570 1233 571 1232 574 1232 575 1231 577 1231 578 1230 579 1230 582 1227 582 1226 586 1222 587 1222 588 1221 589 1221 589 1214 585 1210 585 1208 584 1207 584 1205 583 1204 583 1201 582 1200 582 1199 581 1198 580 1198 579 1197 574 1197 573 1196 551 1196 550 1195 0.7839
0 1108 1209 1107 1210 1097 1210 1095 1212 1094 1212 1089 1217 1089 1220 1088 1221 1088 1231 1089 1232 1089 1236 1090 1237 1090 1239 1091 1240 1091 1241 1094 1244 1095 1244 1097 1246 1103 1246 1104 1247 1110 1247 1111 1248 1128 1248 1129 1247 1150 1247 1151 1248 1172 1248 1173 1247 1175 1247 1176 1246 1179 1246 1180 1245 1181 1245 1184 1242 1184 1239 1185 1238 1185 1237 1186 1236 1186 1234 1187 1233 1187 1232 1188 1231 1188 1221 1187 1220 1187 1218 1184 1215 1183 1215 1181 1213 1180 1213 1179 1212 1176 1212 1175 1211 1155 1211 1154 1210 1115 1210 1114 1209 0.8133
0 27 1307 26 1308 22 1308 21 1309 11 1309 10 1310 1 1310 1 1344 7 1344 8 1345 12 1345 13 1346 17 1346 18 1347 31 1347 32 1346 47 1346 48 1345 53 1345 55 1343 56 1343 58 1341 59 1341 60 1340 61 1340 62 1339 63 1339 64 1338 65 1338 66 1337 66 1336 67 1335 67 1334 68 1333 68 1313 66 1311 65 1311 64 1310 60 1310 59 1309 57 1309 56 1308 36 1308 35 1307 0.8085
0 1124 1322 1123 1323 1103 1323 1102 1324 1065 1324 1064 1325 1061 1325 1060 1326 1060 1327 1059 1328 1059 1329 1057 1331 1057 1332 1056 1333 1056 1334 1055 1335 1055 1350 1057 1352 1057 1353 1062 1358 1079 1358 1080 1359 1095 1359 1096 1358 1097 1358 1098 1359 1103 1359 1104 1360 1106 1360 1107 1361 1136 1361 1137 1360 1140 1360 1141 1359 1144 1359 1153 1350 1153 1336 1152 1335 1152 1334 1150 1332 1150 1331 1149 1330 1149 1329 1148 1328 1148 1327 1146 1325 1146 1324 1145 1324 1144 1323 1139 1323 1138 1322 0.7968
0 3254 1384 3253 1385 3244 1385 3243 1386 3228 1386 3227 1387 3220 1387 3219 1388 3212 1388 3211 1389 3205 1389 3204 1390 3199 1390 3198 1391 3197 1391 3191 1397 3191 1407 3192 1408 3192 1413 3193 1414 3193 1417 3194 1418 3194 1420 3197 1423 3199 1423 3200 1424 3202 1424 3203 1425 3205 1425 3206 1426 3216 1426 3217 1425 3220 1425 3221 1424 3225 1424 3226 1423 3231 1423 3232 1422 3248 1422 3249 1423 3262 1423 3263 1422 3271 1422 3272 1421 3273 1421 3274 1420 3275 1420 3277 1418 3278 1418 3281 1415 3281 1414 3282 1413 3282 1399 3281 1398 3281 1395 3279 1393 3279 1392 3275 1388 3275 1387 3274 1386 3272 1386 3271 1385 3264 1385 3263 1384 0.7959
0 1072 1261 1071 1262 1066 1262 1065 1263 1062 1263 1061 1264 1061 1265 1060 1266 1060 1268 1059 1269 1059 1271 1058 1272 1058 1274 1057 1275 1057 1286 1058 1287 1058 1290 1059 1291 1059 1293 1062 1296 1065 1296 1066 1297 1071 1297 1072 1298 1088 1298 1089 1299 1094 1299 1095 1300 1099 1300 1100 1301 1104 1301 1105 1302 1128 1302 1129 1301 1138 1301 1139 1300 1141 1300 1142 1299 1144 1299 1147 1296 1147 1295 1149 1293 1149 1292 1151 1290 1151 1289 1152 1288 1152 1287 1153 1286 1153 1285 1155 1283 1155 1282 1156 1281 1156 1275 1152 1271 1152 1270 1150 1268 1150 1266 1147 1263 1146 1263 1145 1262 1107 1262 1106 1261 0.7838
0 1057 1392 1056 1393 1052 1393 1051 1394 1035 1394 1034 1395 1031 1395 1030 1396 1027 1396 1026 1397 1024 1397 1023 1396 994 1396 993 1397 989 1397 988 1398 987 1398 987 1399 986 1400 986 1401 985 1402 985 1403 984 1404 984 1420 985 1421 985 1422 986 1422 988 1424 989 1424 990 1425 995 1425 996 1426 1049 1426 1050 1427 1051 1427 1052 1428 1055 1428 1056 1429 1063 1429 1064 1428 1066 1428 1067 1427 1068 1427 1071 1424 1071 1423 1072 1422 1072 1418 1073 1417 1073 1414 1074 1413 1074 1401 1073 1400 1073 1397 1072 1396 1071 1396 1069 1394 1068 1394 1067 1393 1065 1393 1064 1392 0.7458
1 1543 1579 1542 1580 1540 1580 1536 1584 1536 1585 1535 1586 1535 1588 1534 1589 1534 1590 1533 1591 1533 1593 1532 1594 1532 1595 1531 1596 1531 1597 1530 1598 1530 1600 1529 1601 1529 1602 1528 1603 1528 1604 1527 1605 1527 1606 1526 1607 1526 1608 1525 1609 1525 1610 1524 1611 1524 1613 1523 1614 1523 1616 1522 1617 1522 1619 1521 1620 1521 1622 1520 1623 1520 1625 1519 1626 1519 1628 1518 1629 1518 1631 1517 1632 1517 1635 1516 1636 1516 1638 1515 1639 1515 1641 1514 1642 1514 1643 1513 1644 1513 1645 1512 1646 1512 1647 1510 1649 1510 1651 1509 1652 1509 1654 1508 1655 1508 1656 1507 1657 1507 1658 1506 1659 1506 1660 1505 1661 1505 1664 1504 1665 1504 1668 1503 1669 1503 1670 1502 1671 1502 1672 1501 1673 1501 1674 1500 1675 1500 1676 1499 1677 1499 1678 1498 1679 1498 1680 1497 1681 1497 1683 1496 1684 1496 1685 1495 1686 1495 1702 1496 1703 1496 1704 1497 1705 1498 1705 1500 1707 1502 1707 1503 1708 1505 1708 1506 1709 1509 1709 1510 1710 1528 1710 1530 1708 1530 1707 1531 1706 1531 1704 1532 1703 1532 1701 1533 1700 1533 1698 1534 1697 1534 1695 1535 1694 1535 1693 1536 1692 1536 1690 1537 1689 1537 1688 1538 1687 1538 1686 1539 1685 1539 1683 1540 1682 1540 1681 1541 1680 1541 1679 1542 1678 1542 1677 1544 1675 1544 1674 1545 1673 1545 1672 1546 1671 1546 1670 1547 1669 1547 1668 1548 1667 1548 1666 1549 1665 1549 1664 1550 1663 1550 1662 1551 1661 1551 1660 1552 1659 1552 1658 1553 1657 1553 1656 1554 1655 1554 1654 1555 1653 1555 1651 1556 1650 1556 1648 1557 1647 1557 1645 1558 1644 1558 1642 1559 1641 1559 1639 1560 1638 1560 1636 1561 1635 1561 1633 1562 1632 1562 1630 1563 1629 1563 1627 1564 1626 1564 1625 1565 1624 1565 1623 1566 1622 1566 1621 1568 1619 1568 1618 1569 1617 1569 1616 1570 1615 1570 1614 1571 1613 1571 1612 1572 1611 1572 1609 1573 1608 1573 1607 1574 1606 1574 1605 1575 1604 1575 1603 1576 1602 1576 1589 1574 1587 1573 1587 1571 1585 1570 1585 1568 1583 1567 1583 1566 1582 1564 1582 1563 1581 1561 1581 1560 1580 1559 1580 1558 1579 0.7927
0 2007 443 2006 444 2005 444 2004 445 2004 446 2001 449 2001 462 1998 465 1998 466 1997 467 1997 468 1995 470 1995 471 1994 472 1994 474 1993 475 1993 477 1992 478 1992 480 1991 481 1991 483 1990 484 1990 485 1989 486 1989 487 1987 489 1987 490 1986 491 1986 492 1985 493 1985 495 1984 496 1984 498 1983 499 1983 501 1982 502 1982 503 1981 504 1981 505 1979 507 1979 535 1980 536 1981 536 1982 537 1983 537 1984 538 2002 538 2003 537 2005 537 2006 536 2020 536 2021 535 2022 535 2022 527 2021 527 2016 522 2016 521 2022 515 2022 514 2023 513 2023 511 2024 510 2024 506 2025 505 2025 503 2026 502 2026 501 2027 500 2027 499 2029 497 2029 496 2030 495 2030 494 2033 491 2033 490 2034 489 2034 486 2035 485 2035 483 2036 482 2036 480 2037 479 2037 477 2038 476 2038 458 2037 457 2037 455 2036 454 2036 452 2035 451 2035 450 2032 447 2031 447 2030 446 2029 446 2028 445 2025 445 2024 444 2019 444 2018 443 0.6979
0 464 1309 463 1310 458 1310 457 1311 454 1311 453 1312 445 1312 444 1311 430 1311 429 1312 417 1312 416 1313 408 1313 407 1314 403 1314 401 1316 401 1317 400 1318 400 1319 399 1320 399 1322 398 1323 398 1325 397 1326 397 1339 398 1340 398 1341 399 1342 399 1343 400 1344 400 1345 401 1346 401 1347 403 1349 406 1349 407 1350 413 1350 414 1351 423 1351 424 1352 461 1352 462 1351 463 1352 479 1352 480 1351 487 1351 488 1350 490 1350 491 1349 492 1349 493 1348 493 1347 497 1343 497 1342 499 1340 499 1332 498 1331 498 1329 497 1328 497 1322 496 1321 496 1314 495 1313 494 1313 492 1311 491 1311 489 1309 0.8049
0 2867 1019 2866 1020 2844 1020 2843 1021 2840 1021 2839 1022 2837 1022 2835 1024 2835 1025 2834 1026 2834 1028 2833 1029 2833 1030 2832 1031 2832 1032 2831 1033 2831 1034 2829 1036 2829 1051 2831 1053 2832 1053 2837 1058 2838 1058 2839 1059 2841 1059 2842 1060 2845 1060 2846 1061 2876 1061 2877 1060 2880 1060 2881 1059 2884 1059 2885 1058 2892 1058 2893 1057 2904 1057 2905 1058 2923 1058 2924 1057 2929 1057 2930 1056 2931 1056 2932 1055 2938 1055 2938 1047 2937 1047 2933 1043 2933 1038 2932 1037 2932 1032 2931 1031 2931 1028 2930 1027 2930 1026 2926 1022 2925 1022 2923 1020 2879 1020 2878 1019 0.7716
0 1804 730 1799 735 1799 736 1797 738 1797 740 1796 741 1796 742 1795 743 1795 744 1794 745 1794 746 1793 747 1793 748 1792 749 1792 750 1791 751 1791 753 1790 754 1790 756 1789 757 1789 758 1788 759 1788 760 1787 761 1787 762 1786 763 1786 765 1785 766 1785 768 1784 769 1784 771 1783 772 1783 773 1782 774 1782 775 1781 776 1781 777 1780 778 1780 780 1779 781 1779 789 1780 790 1780 792 1784 796 1785 796 1786 797 1787 797 1788 798 1791 798 1792 799 1807 799 1810 796 1810 794 1811 793 1811 792 1812 791 1812 790 1813 789 1813 788 1816 785 1816 784 1817 783 1817 782 1818 781 1818 778 1819 777 1819 773 1820 772 1820 770 1821 769 1821 767 1822 766 1822 765 1823 764 1823 762 1824 761 1824 760 1825 759 1825 758 1826 757 1826 756 1829 753 1829 752 1830 751 1830 736 1828 736 1827 735 1826 735 1825 734 1823 734 1822 733 1821 733 1820 732 1819 732 1818 731 1815 731 1814 730 0.7795
0 1866 753 1865 754 1864 754 1863 755 1862 755 1860 757 1859 757 1856 760 1856 761 1854 763 1854 765 1853 766 1853 769 1852 770 1852 772 1851 773 1851 778 1850 779 1850 784 1849 785 1849 786 1848 787 1848 788 1847 789 1847 790 1845 792 1845 793 1841 797 1841 799 1840 800 1840 803 1839 804 1839 808 1838 809 1838 811 1836 813 1836 814 1835 815 1835 816 1834 817 1834 830 1835 831 1835 834 1838 837 1838 838 1842 842 1847 842 1848 843 1858 843 1859 842 1863 842 1864 841 1866 841 1867 840 1869 840 1870 839 1871 839 1873 837 1874 837 1875 836 1875 835 1877 833 1877 832 1878 831 1878 830 1879 829 1879 828 1881 826 1881 825 1884 822 1884 809 1891 802 1891 801 1895 797 1895 795 1896 794 1896 791 1897 790 1897 766 1896 765 1896 762 1893 759 1892 759 1890 757 1888 757 1887 756 1885 756 1884 755 1883 755 1882 754 1881 754 1880 753 0.7271
0 2030 232 2029 233 2026 233 2025 234 2024 234 2023 235 2023 237 2022 238 2022 240 2021 241 2021 242 2020 243 2020 245 2019 246 2019 254 2018 255 2018 259 2017 260 2017 261 2016 262 2016 263 2013 266 2013 267 2010 270 2010 271 2009 272 2009 273 2008 274 2008 275 2007 276 2007 277 2006 278 2006 279 2003 282 2003 284 2002 285 2002 287 2001 288 2001 289 2000 290 2000 292 1999 293 1999 294 1998 295 1998 311 1999 312 1999 314 2000 315 2000 317 2001 318 2002 318 2004 320 2005 320 2007 322 2008 322 2009 323 2010 323 2011 324 2025 324 2026 323 2028 323 2033 318 2033 317 2034 316 2034 315 2035 314 2035 313 2036 312 2036 311 2037 310 2037 308 2038 307 2038 304 2039 303 2039 300 2040 299 2040 298 2041 297 2041 295 2042 294 2042 293 2044 291 2044 290 2045 289 2045 288 2046 287 2046 284 2047 283 2047 280 2048 279 2048 278 2049 277 2049 275 2050 274 2050 273 2052 271 2052 270 2053 269 2053 266 2054 265 2054 263 2055 262 2055 261 2056 260 2056 259 2057 258 2057 254 2058 253 2058 242 2057 241 2057 240 2054 237 2054 236 2053 235 2053 234 2051 234 2050 233 2047 233 2046 232 0.7572
0 625 1313 624 1314 619 1314 618 1315 602 1315 601 1316 581 1316 580 1315 575 1315 574 1314 563 1314 562 1315 556 1315 555 1316 553 1316 552 1317 549 1317 548 1318 546 1318 540 1324 540 1325 539 1326 539 1330 538 1331 538 1343 539 1344 539 1346 540 1347 540 1348 541 1349 542 1349 543 1350 546 1350 547 1351 553 1351 554 1352 568 1352 569 1351 571 1351 572 1352 607 1352 608 1353 625 1353 626 1352 630 1352 631 1351 633 1351 634 1350 635 1350 636 1349 637 1349 638 1348 639 1348 640 1347 641 1347 643 1345 644 1345 644 1344 645 1343 645 1328 644 1327 644 1326 642 1324 642 1323 641 1322 641 1321 636 1316 635 1316 633 1314 632 1314 631 1313 0.7854
0 1942 2057 1941 2058 1939 2058 1937 2060 1937 2061 1936 2062 1936 2063 1935 2064 1935 2066 1934 2067 1934 2072 1933 2073 1933 2076 1932 2077 1932 2080 1931 2081 1931 2083 1930 2084 1930 2085 1929 2086 1929 2087 1928 2088 1928 2089 1926 2091 1926 2092 1925 2093 1925 2094 1924 2095 1924 2097 1923 2098 1923 2100 1922 2101 1922 2104 1921 2105 1921 2107 1920 2108 1920 2109 1919 2110 1919 2111 1918 2112 1918 2113 1917 2114 1917 2115 1916 2116 1916 2117 1915 2118 1915 2119 1914 2120 1914 2132 1915 2133 1916 2133 1917 2134 1918 2134 1919 2135 1921 2135 1922 2136 1924 2136 1925 2137 1926 2137 1927 2138 1929 2138 1930 2139 1932 2139 1933 2140 1934 2140 1935 2141 1942 2141 1943 2142 1951 2142 1951 2141 1954 2138 1954 2137 1955 2136 1955 2135 1956 2134 1956 2132 1957 2131 1957 2128 1958 2127 1958 2126 1959 2125 1959 2124 1960 2123 1960 2122 1965 2117 1965 2115 1966 2114 1966 2112 1967 2111 1967 2106 1968 2105 1968 2102 1969 2101 1969 2098 1970 2097 1970 2094 1971 2093 1971 2070 1966 2065 1965 2065 1963 2063 1962 2063 1961 2062 1960 2062 1958 2060 1957 2060 1955 2058 1954 2058 1953 2057 0.7567
0 2160 244 2159 245 2157 245 2154 248 2154 249 2153 250 2153 252 2152 253 2152 254 2151 255 2151 257 2150 258 2150 260 2149 261 2149 263 2148 264 2148 266 2147 267 2147 268 2146 269 2146 270 2145 271 2145 272 2144 273 2144 274 2142 276 2142 278 2141 279 2141 282 2140 283 2140 286 2139 287 2139 289 2138 290 2138 291 2137 292 2137 294 2136 295 2136 298 2135 299 2135 301 2133 303 2133 304 2130 307 2130 309 2129 310 2129 312 2128 313 2128 315 2127 316 2127 330 2131 334 2132 334 2133 335 2134 335 2136 337 2137 337 2142 342 2154 342 2155 341 2158 341 2164 335 2164 334 2165 333 2165 332 2166 331 2166 330 2167 329 2167 327 2168 326 2168 323 2169 322 2169 319 2170 318 2170 315 2171 314 2171 312 2172 311 2172 309 2174 307 2174 306 2176 304 2176 303 2178 301 2178 300 2179 299 2179 298 2180 297 2180 296 2181 295 2181 294 2182 293 2182 291 2183 290 2183 287 2184 286 2184 281 2185 280 2185 278 2186 277 2186 276 2187 275 2187 274 2188 273 2188 271 2189 270 2189 255 2188 254 2188 253 2183 248 2182 248 2180 246 2178 246 2177 245 2173 245 2172 244 0.7632
0 817 1197 816 1198 813 1198 812 1199 781 1199 780 1200 769 1200 768 1201 764 1201 763 1202 761 1202 759 1204 759 1205 753 1211 753 1212 752 1213 752 1214 751 1215 751 1224 752 1225 752 1226 753 1227 753 1228 754 1229 755 1229 757 1231 759 1231 760 1232 762 1232 763 1233 772 1233 773 1234 780 1234 781 1235 815 1235 816 1236 823 1236 824 1235 828 1235 829 1234 830 1234 831 1233 832 1233 835 1230 835 1228 836 1227 836 1224 837 1223 837 1212 836 1211 836 1208 835 1207 835 1205 834 1204 834 1203 832 1201 831 1201 829 1199 828 1199 827 1198 825 1198 824 1197 0.7569
0 2103 1840 2102 1841 2098 1841 2097 1842 2096 1842 2094 1844 2094 1845 2093 1846 2093 1848 2092 1849 2092 1852 2091 1853 2091 1855 2090 1856 2090 1859 2089 1860 2089 1864 2088 1865 2088 1870 2087 1871 2087 1874 2086 1875 2086 1877 2082 1881 2082 1882 2081 1883 2081 1885 2080 1886 2080 1888 2079 1889 2079 1891 2078 1892 2078 1893 2077 1894 2077 1896 2076 1897 2076 1898 2074 1900 2074 1901 2073 1902 2073 1917 2074 1918 2074 1922 2075 1923 2075 1925 2076 1926 2076 1928 2077 1929 2077 1930 2085 1930 2086 1929 2088 1929 2089 1928 2093 1928 2094 1927 2098 1927 2099 1926 2100 1926 2101 1925 2101 1924 2102 1923 2102 1922 2103 1921 2103 1920 2104 1919 2104 1918 2108 1914 2108 1913 2113 1908 2113 1907 2114 1906 2114 1905 2115 1904 2115 1903 2116 1902 2116 1900 2117 1899 2117 1896 2118 1895 2118 1891 2119 1890 2119 1888 2120 1887 2120 1886 2121 1885 2121 1884 2122 1883 2122 1881 2123 1880 2123 1879 2124 1878 2124 1875 2125 1874 2125 1871 2126 1870 2126 1868 2127 1867 2127 1852 2125 1850 2125 1849 2122 1846 2122 1845 2118 1841 2113 1841 2112 1840 0.7132
0 2377 41 2376 42 2374 42 2371 45 2370 45 2370 46 2369 47 2369 48 2368 49 2368 51 2367 52 2367 53 2366 54 2366 55 2365 56 2365 58 2364 59 2364 60 2362 62 2362 63 2361 64 2361 65 2360 66 2360 68 2359 69 2359 70 2358 71 2358 73 2357 74 2357 77 2356 78 2356 80 2355 81 2355 83 2354 84 2354 85 2348 91 2348 92 2346 94 2346 95 2345 96 2345 98 2344 99 2344 102 2343 103 2343 105 2342 106 2342 108 2341 109 2341 110 2340 111 2340 129 2341 130 2341 131 2345 135 2347 135 2348 136 2351 136 2352 137 2353 137 2354 138 2356 138 2357 139 2364 139 2365 140 2378 140 2379 139 2379 138 2380 137 2380 136 2381 135 2381 133 2382 132 2382 131 2383 130 2383 129 2387 125 2387 124 2388 123 2388 121 2389 120 2389 119 2390 118 2390 116 2391 115 2391 98 2392 97 2392 92 2393 91 2393 88 2394 87 2394 84 2395 83 2395 80 2396 79 2396 76 2397 75 2397 73 2398 72 2398 71 2399 70 2399 69 2400 68 2400 67 2401 66 2401 57 2400 56 2400 53 2399 52 2399 51 2398 50 2398 49 2396 47 2396 46 2392 42 2391 42 2390 41 0.6914
0 806 1462 804 1464 803 1464 799 1468 799 1469 798 1470 798 1477 797 1478 797 1485 798 1486 798 1491 799 1492 799 1493 800 1493 801 1494 805 1494 806 1495 810 1495 811 1496 818 1496 819 1497 827 1497 828 1498 832 1498 833 1499 837 1499 838 1500 843 1500 844 1501 848 1501 849 1502 852 1502 853 1503 871 1503 876 1498 876 1497 877 1496 877 1495 878 1494 878 1491 879 1490 879 1487 880 1486 880 1476 879 1475 879 1473 877 1471 877 1470 876 1470 875 1469 873 1469 872 1468 870 1468 869 1467 863 1467 862 1466 833 1466 832 1465 825 1465 824 1464 819 1464 818 1463 816 1463 815 1462 0.7686
0 937 1202 936 1203 911 1203 910 1204 906 1204 905 1205 905 1206 903 1208 903 1209 902 1210 902 1211 901 1212 901 1213 900 1214 900 1226 901 1227 901 1230 902 1231 902 1232 906 1236 908 1236 909 1237 912 1237 913 1238 915 1238 916 1239 921 1239 922 1240 947 1240 948 1241 964 1241 965 1240 967 1240 968 1241 987 1241 988 1240 995 1240 996 1239 998 1239 999 1238 1000 1238 1002 1236 1002 1235 1003 1234 1003 1232 1004 1231 1004 1225 1005 1224 1005 1215 1004 1214 1004 1211 1003 1210 1003 1209 1002 1208 1002 1206 1001 1205 1000 1205 999 1204 998 1204 997 1203 995 1203 994 1202 962 1202 961 1203 955 1203 954 1204 953 1204 952 1203 945 1203 944 1202 0.8179
2 2098 2009 2097 2010 2096 2010 2094 2012 2094 2013 2092 2015 2092 2016 2091 2017 2091 2018 2090 2019 2090 2020 2089 2021 2089 2023 2088 2024 2088 2026 2087 2027 2087 2029 2086 2030 2086 2032 2085 2033 2085 2035 2084 2036 2084 2038 2083 2039 2083 2041 2082 2042 2082 2044 2081 2045 2081 2046 2080 2047 2080 2048 2079 2049 2079 2051 2078 2052 2078 2054 2077 2055 2077 2058 2076 2059 2076 2060 2075 2061 2075 2063 2074 2064 2074 2065 2073 2066 2073 2067 2072 2068 2072 2069 2071 2070 2071 2071 2070 2072 2070 2073 2069 2074 2069 2075 2068 2076 2068 2079 2067 2080 2067 2082 2066 2083 2066 2084 2065 2085 2065 2086 2064 2087 2064 2088 2063 2089 2063 2090 2062 2091 2062 2092 2061 2093 2061 2096 2060 2097 2060 2107 2062 2109 2062 2110 2065 2113 2066 2113 2067 2114 2068 2114 2069 2115 2070 2115 2071 2116 2072 2116 2073 2117 2074 2117 2075 2118 2077 2118 2078 2119 2079 2119 2080 2120 2082 2120 2083 2121 2085 2121 2086 2122 2087 2122 2089 2124 2099 2124 2100 2123 2100 2122 2101 2121 2101 2120 2102 2119 2102 2118 2103 2117 2103 2115 2104 2114 2104 2112 2105 2111 2105 2108 2106 2107 2106 2104 2107 2103 2107 2101 2108 2100 2108 2098 2109 2097 2109 2096 2110 2095 2110 2094 2111 2093 2111 2092 2113 2090 2113 2089 2114 2088 2114 2087 2115 2086 2115 2085 2116 2084 2116 2083 2117 2082 2117 2076 2118 2075 2118 2069 2119 2068 2119 2055 2120 2054 2120 2051 2121 2050 2121 2047 2122 2046 2122 2043 2123 2042 2123 2037 2124 2036 2124 2021 2123 2020 2123 2019 2116 2012 2115 2012 2113 2010 2111 2010 2110 2009 0.7415
0 2714 1469 2713 1470 2699 1470 2698 1471 2693 1471 2692 1472 2690 1472 2689 1473 2687 1473 2686 1474 2684 1474 2683 1475 2682 1475 2680 1477 2680 1478 2679 1479 2679 1490 2680 1491 2680 1497 2681 1498 2681 1501 2682 1502 2682 1503 2684 1505 2685 1505 2686 1506 2688 1506 2689 1507 2694 1507 2695 1508 2700 1508 2701 1509 2721 1509 2722 1510 2724 1510 2725 1511 2742 1511 2743 1510 2754 1510 2755 1509 2760 1509 2761 1508 2762 1508 2763 1507 2764 1507 2764 1506 2765 1505 2765 1478 2764 1477 2764 1476 2762 1474 2762 1473 2761 1473 2760 1472 2759 1472 2758 1471 2756 1471 2755 1470 2741 1470 2740 1469 0.7994
0 699 1201 698 1202 680 1202 679 1203 647 1203 646 1202 642 1202 641 1203 640 1203 639 1204 638 1204 636 1206 635 1206 634 1207 634 1208 632 1210 632 1211 631 1212 631 1214 630 1215 630 1223 631 1224 631 1228 632 1229 632 1230 634 1232 635 1232 637 1234 639 1234 640 1235 644 1235 645 1236 650 1236 651 1237 705 1237 706 1238 717 1238 718 1237 721 1237 722 1236 724 1236 725 1235 726 1235 728 1233 728 1232 729 1231 729 1230 730 1229 730 1225 731 1224 731 1214 730 1213 730 1210 729 1209 729 1207 728 1206 728 1205 727 1204 727 1203 726 1202 713 1202 712 1201 0.7915
0 2266 1758 2265 1759 2264 1759 2263 1760 2262 1760 2259 1763 2259 1764 2253 1770 2253 1771 2252 1772 2252 1773 2251 1774 2251 1775 2250 1776 2250 1777 2249 1778 2249 1782 2248 1783 2248 1786 2247 1787 2247 1789 2246 1790 2246 1791 2245 1792 2245 1793 2244 1794 2244 1795 2243 1796 2243 1797 2242 1798 2242 1799 2238 1803 2238 1804 2237 1805 2237 1807 2236 1808 2236 1811 2235 1812 2235 1842 2237 1844 2238 1844 2239 1845 2240 1845 2242 1847 2243 1847 2244 1848 2245 1848 2246 1849 2256 1849 2257 1848 2259 1848 2260 1847 2261 1847 2262 1846 2263 1846 2267 1842 2267 1840 2268 1839 2268 1838 2271 1835 2271 1834 2272 1833 2273 1833 2276 1830 2276 1829 2277 1828 2277 1826 2278 1825 2278 1822 2279 1821 2279 1818 2280 1817 2280 1816 2281 1815 2281 1814 2282 1813 2282 1812 2285 1809 2285 1808 2286 1807 2286 1806 2287 1805 2287 1803 2288 1802 2288 1801 2289 1800 2289 1798 2290 1797 2290 1796 2291 1795 2291 1794 2292 1793 2292 1773 2291 1772 2291 1771 2286 1766 2286 1765 2280 1759 2279 1759 2278 1758 0.7176
0 2180 1960 2179 1961 2178 1961 2174 1965 2174 1966 2173 1967 2173 1969 2172 1970 2172 1973 2171 1974 2171 1976 2170 1977 2170 1980 2169 1981 2169 1985 2168 1986 2168 1989 2167 1990 2167 1992 2166 1993 2166 1994 2163 1997 2163 1998 2161 2000 2161 2001 2160 2002 2160 2003 2159 2004 2159 2005 2158 2006 2158 2008 2157 2009 2157 2010 2156 2011 2156 2012 2155 2013 2155 2014 2154 2015 2154 2017 2153 2018 2153 2034 2154 2034 2156 2036 2157 2036 2158 2037 2159 2037 2161 2039 2162 2039 2163 2040 2164 2040 2165 2041 2167 2041 2168 2042 2181 2042 2187 2036 2187 2035 2189 2033 2189 2031 2190 2030 2190 2029 2191 2028 2191 2027 2192 2026 2192 2024 2193 2023 2193 2022 2194 2021 2194 2018 2195 2017 2195 2010 2196 2009 2196 2008 2197 2007 2197 2006 2198 2005 2198 2004 2199 2003 2199 2002 2201 2000 2201 1999 2203 1997 2203 1994 2204 1993 2204 1990 2205 1989 2205 1982 2206 1981 2206 1973 2205 1972 2205 1971 2203 1969 2203 1968 2202 1967 2202 1966 2197 1961 2194 1961 2193 1960 0.7466
0 765 1381 764 1382 752 1382 751 1383 735 1383 734 1382 711 1382 710 1383 704 1383 703 1384 700 1384 699 1385 698 1385 697 1386 697 1387 696 1388 696 1389 695 1390 695 1392 694 1393 694 1408 695 1409 695 1410 696 1411 696 1412 701 1417 704 1417 705 1418 712 1418 713 1419 727 1419 728 1418 746 1418 747 1419 778 1419 779 1418 785 1418 786 1417 787 1417 792 1412 792 1411 793 1410 793 1407 794 1406 794 1395 793 1394 793 1392 792 1391 792 1390 791 1389 791 1387 790 1386 790 1385 787 1382 786 1382 785 1381 0.8107
0 2293 415 2292 416 2290 416 2289 417 2287 417 2286 418 2285 418 2281 422 2281 423 2280 424 2280 426 2279 427 2279 428 2278 429 2278 430 2277 431 2277 432 2276 433 2276 434 2275 435 2275 436 2274 437 2274 439 2273 440 2273 443 2272 444 2272 446 2271 447 2271 449 2270 450 2270 451 2269 452 2269 454 2268 455 2268 459 2267 460 2267 462 2266 463 2266 465 2265 466 2265 467 2264 468 2264 470 2263 471 2263 473 2261 475 2261 476 2260 477 2260 495 2262 497 2262 498 2264 500 2265 500 2267 502 2268 502 2269 503 2283 503 2284 502 2288 502 2289 501 2291 501 2295 497 2295 496 2297 494 2297 493 2299 491 2299 490 2301 488 2301 487 2302 486 2302 485 2303 484 2303 482 2304 481 2304 479 2305 478 2305 475 2306 474 2306 473 2308 471 2308 470 2310 468 2310 467 2312 465 2312 464 2313 463 2313 442 2314 441 2314 425 2313 424 2313 423 2312 422 2312 421 2309 418 2308 418 2306 416 2304 416 2303 415 0.7021
0 976 1264 975 1265 965 1265 964 1266 958 1266 957 1267 938 1267 937 1268 935 1268 931 1272 931 1273 930 1274 930 1287 931 1288 931 1289 933 1291 934 1291 935 1292 936 1292 937 1293 940 1293 941 1294 968 1294 969 1295 987 1295 988 1294 994 1294 995 1293 997 1293 998 1292 1000 1292 1002 1290 1002 1289 1003 1288 1003 1286 1004 1285 1004 1284 1005 1283 1005 1282 1006 1281 1006 1275 1005 1274 1005 1273 1004 1272 1004 1271 1003 1270 1003 1269 1002 1268 1002 1266 1000 1266 999 1265 987 1265 986 1264 0.7653
0 2383 1565 2382 1566 2381 1566 2381 1567 2380 1568 2380 1569 2378 1571 2378 1572 2371 1579 2371 1580 2369 1582 2369 1583 2368 1584 2368 1585 2367 1586 2367 1587 2366 1588 2366 1589 2365 1590 2365 1591 2363 1593 2363 1594 2357 1600 2356 1600 2354 1602 2354 1603 2353 1604 2353 1605 2351 1607 2351 1608 2346 1613 2346 1614 2345 1615 2345 1617 2344 1618 2344 1620 2343 1621 2343 1633 2344 1634 2344 1635 2346 1637 2348 1637 2349 1638 2351 1638 2352 1639 2354 1639 2355 1640 2357 1640 2358 1641 2372 1641 2375 1638 2375 1637 2377 1635 2377 1634 2383 1628 2383 1627 2385 1625 2385 1624 2388 1621 2388 1620 2393 1615 2394 1615 2400 1609 2400 1608 2402 1606 2402 1605 2403 1604 2403 1603 2404 1602 2404 1601 2408 1597 2408 1596 2409 1595 2409 1594 2410 1593 2410 1581 2409 1580 2409 1578 2407 1576 2406 1576 2404 1574 2403 1574 2394 1565 0.7384
0 2294 93 2293 94 2291 94 2290 95 2288 95 2286 97 2285 97 2281 101 2281 105 2280 106 2280 110 2279 111 2279 113 2277 115 2277 116 2276 117 2276 118 2274 120 2274 122 2273 123 2273 124 2272 125 2272 126 2271 127 2271 129 2270 130 2270 131 2269 132 2269 134 2268 135 2268 137 2267 138 2267 140 2266 141 2266 142 2265 143 2265 144 2262 147 2262 148 2260 150 2260 153 2259 154 2259 158 2258 159 2258 162 2257 163 2257 164 2256 165 2256 166 2255 167 2255 182 2256 183 2256 184 2257 185 2257 186 2258 186 2260 188 2262 188 2263 189 2264 189 2265 190 2266 190 2268 192 2269 192 2271 194 2271 195 2272 196 2283 196 2284 195 2286 195 2288 193 2288 192 2291 189 2291 188 2293 186 2293 183 2294 182 2294 179 2295 178 2295 177 2297 175 2297 174 2298 173 2298 171 2299 170 2299 169 2300 168 2300 166 2301 165 2301 164 2302 163 2302 161 2303 160 2303 158 2304 157 2304 156 2305 155 2305 154 2307 152 2307 151 2309 149 2309 148 2310 147 2310 145 2311 144 2311 142 2312 141 2312 140 2313 139 2313 138 2314 137 2314 134 2315 133 2315 131 2316 130 2316 129 2319 126 2319 125 2320 124 2320 123 2321 122 2321 107 2320 106 2320 105 2319 104 2319 102 2316 99 2315 99 2314 98 2314 97 2310 93 0.7430
0 2881 1227 2880 1228 2875 1228 2874 1229 2873 1229 2872 1228 2818 1228 2817 1229 2811 1229 2810 1230 2807 1230 2805 1232 2805 1234 2804 1235 2804 1254 2805 1255 2805 1257 2807 1259 2809 1259 2810 1260 2816 1260 2817 1261 2821 1261 2822 1262 2823 1262 2824 1263 2825 1263 2826 1264 2833 1264 2834 1265 2851 1265 2852 1264 2858 1264 2859 1263 2862 1263 2863 1264 2865 1264 2866 1265 2869 1265 2870 1266 2878 1266 2879 1265 2884 1265 2885 1264 2886 1264 2887 1263 2888 1263 2890 1261 2891 1261 2893 1259 2894 1259 2896 1257 2897 1257 2899 1255 2899 1254 2900 1253 2900 1247 2901 1246 2901 1237 2900 1236 2900 1235 2899 1234 2899 1233 2898 1233 2895 1230 2894 1230 2893 1229 2891 1229 2890 1228 2889 1228 2888 1227 0.7691
0 2271 298 2265 304 2265 306 2264 307 2264 310 2263 311 2263 313 2262 314 2262 315 2261 316 2261 318 2260 319 2260 321 2259 322 2259 323 2258 324 2258 325 2256 327 2256 328 2254 330 2254 332 2253 333 2253 334 2252 335 2252 336 2250 338 2250 340 2249 341 2249 343 2248 344 2248 345 2247 346 2247 347 2246 348 2246 350 2245 351 2245 352 2244 353 2244 355 2243 356 2243 360 2242 361 2242 370 2243 371 2243 374 2244 375 2244 378 2245 379 2245 380 2247 382 2247 383 2248 384 2248 385 2256 385 2257 384 2260 384 2261 383 2263 383 2264 382 2265 382 2266 381 2267 381 2270 378 2270 377 2271 376 2271 375 2272 374 2272 373 2273 372 2273 371 2274 370 2274 369 2275 368 2275 366 2276 365 2276 364 2277 363 2277 362 2278 361 2278 360 2279 359 2279 357 2280 356 2280 355 2281 354 2281 352 2282 351 2282 349 2283 348 2283 347 2285 345 2285 344 2286 343 2286 339 2287 338 2287 334 2288 333 2288 331 2289 330 2289 328 2290 327 2290 326 2291 325 2291 324 2292 323 2292 322 2293 321 2293 320 2294 319 2294 306 2291 303 2290 303 2289 302 2288 302 2287 301 2285 301 2284 300 2283 300 2282 299 2280 299 2279 298 0.7357
0 1864 930 1855 939 1855 940 1853 942 1853 943 1852 944 1852 945 1851 946 1851 948 1850 949 1850 951 1849 952 1849 955 1848 956 1848 958 1847 959 1847 960 1846 961 1846 962 1844 964 1844 965 1842 967 1842 968 1841 969 1841 970 1840 971 1840 972 1838 974 1838 975 1836 977 1836 979 1835 980 1835 982 1834 983 1834 984 1833 985 1833 986 1832 987 1832 988 1831 989 1831 993 1830 994 1830 1004 1831 1005 1831 1007 1832 1008 1832 1009 1833 1010 1833 1011 1834 1012 1834 1013 1836 1013 1837 1014 1839 1014 1840 1015 1855 1015 1856 1014 1858 1014 1859 1013 1860 1013 1861 1012 1862 1012 1866 1008 1866 1007 1867 1006 1867 1005 1868 1004 1868 1002 1869 1001 1869 1000 1870 999 1870 998 1872 996 1872 995 1873 994 1873 993 1876 990 1876 989 1877 988 1877 987 1878 986 1878 983 1879 982 1879 981 1880 980 1880 979 1882 977 1882 975 1883 974 1883 973 1885 971 1885 970 1889 966 1889 964 1890 963 1890 960 1891 959 1891 957 1892 956 1892 955 1893 954 1893 945 1892 944 1892 942 1891 942 1890 941 1889 941 1888 940 1887 940 1884 937 1883 937 1877 931 1875 931 1874 930 0.7297
0 2031 1996 2030 1997 2029 1997 2028 1998 2028 1999 2026 2001 2026 2002 2024 2004 2024 2005 2023 2006 2023 2007 2022 2008 2022 2009 2020 2011 2020 2012 2018 2014 2018 2015 2010 2023 2010 2031 2009 2032 2009 2036 2008 2037 2008 2041 2007 2042 2007 2046 2006 2047 2006 2050 2005 2051 2005 2053 2004 2054 2004 2056 2003 2057 2003 2058 2002 2059 2002 2062 2001 2063 2001 2074 2002 2075 2002 2081 2005 2084 2006 2084 2008 2086 2022 2086 2023 2085 2027 2085 2028 2084 2029 2084 2030 2083 2031 2083 2033 2081 2033 2079 2034 2078 2034 2074 2035 2073 2035 2069 2036 2068 2036 2067 2037 2066 2037 2065 2038 2064 2038 2063 2039 2062 2039 2060 2040 2059 2040 2058 2041 2057 2041 2055 2042 2054 2042 2053 2043 2052 2043 2051 2044 2050 2044 2049 2045 2048 2045 2047 2047 2045 2047 2044 2049 2042 2049 2040 2050 2039 2050 2037 2051 2036 2051 2033 2052 2032 2052 2030 2053 2029 2053 2027 2054 2026 2054 2024 2056 2022 2056 2019 2057 2018 2057 2007 2056 2006 2056 2005 2055 2004 2055 2003 2054 2002 2054 2001 2053 2000 2053 1999 2052 1998 2051 1998 2050 1997 2047 1997 2046 1996 0.6799
0 2896 849 2895 850 2891 850 2890 851 2885 851 2884 852 2882 852 2881 853 2879 853 2875 857 2875 859 2874 860 2874 861 2873 862 2873 882 2874 882 2876 884 2877 884 2878 885 2879 885 2881 887 2882 887 2884 889 2885 889 2886 890 2888 890 2889 891 2892 891 2893 892 2917 892 2918 891 2937 891 2938 890 2950 890 2951 889 2955 889 2956 888 2958 888 2959 887 2960 887 2964 883 2965 883 2967 881 2967 880 2968 879 2968 878 2970 876 2971 876 2972 875 2973 875 2974 874 2975 874 2976 873 2977 873 2977 866 2976 866 2974 864 2974 863 2972 861 2972 860 2971 859 2971 858 2966 853 2965 853 2964 852 2963 852 2962 851 2960 851 2959 850 2903 850 2902 849 0.7453
0 2207 300 2206 301 2202 301 2201 302 2200 302 2196 306 2196 307 2194 309 2194 310 2193 311 2193 312 2191 314 2191 315 2190 316 2190 317 2189 318 2189 320 2188 321 2188 323 2187 324 2187 325 2186 326 2186 327 2185 328 2185 330 2184 331 2184 333 2183 334 2183 335 2182 336 2182 337 2181 338 2181 339 2178 342 2178 343 2177 344 2177 347 2176 348 2176 350 2175 351 2175 354 2174 355 2174 356 2173 357 2173 358 2171 360 2171 361 2170 362 2170 379 2178 387 2179 387 2180 388 2181 388 2183 390 2184 390 2186 392 2195 392 2196 391 2199 391 2200 390 2203 390 2204 389 2205 389 2210 384 2210 383 2211 382 2211 381 2212 380 2212 377 2213 376 2213 374 2214 373 2214 372 2216 370 2216 369 2217 368 2217 367 2218 366 2218 354 2219 353 2219 351 2220 350 2220 349 2221 348 2221 347 2222 346 2222 345 2224 343 2224 342 2225 341 2225 339 2226 338 2226 335 2227 334 2227 330 2228 329 2228 327 2229 326 2229 324 2230 323 2230 322 2231 321 2231 311 2230 310 2230 308 2229 307 2229 306 2226 303 2225 303 2224 302 2221 302 2220 301 2217 301 2216 300 0.7146
0 2173 589 2169 593 2169 594 2167 596 2167 598 2166 599 2166 601 2165 602 2165 603 2164 604 2164 605 2163 606 2163 608 2162 609 2162 611 2161 612 2161 615 2160 616 2160 619 2159 620 2159 623 2158 624 2158 627 2157 628 2157 631 2156 632 2156 634 2155 635 2155 637 2154 638 2154 639 2153 640 2153 642 2152 643 2152 647 2151 648 2151 653 2150 654 2150 657 2149 658 2149 661 2148 662 2148 677 2149 678 2149 679 2154 684 2155 684 2156 685 2158 685 2159 686 2161 686 2162 687 2178 687 2180 685 2181 685 2185 681 2185 680 2187 678 2187 677 2188 676 2188 674 2189 673 2189 672 2190 671 2190 669 2192 667 2192 666 2193 665 2193 663 2194 662 2194 659 2195 658 2195 656 2196 655 2196 653 2197 652 2197 649 2198 648 2198 645 2199 644 2199 627 2200 626 2200 621 2201 620 2201 614 2202 613 2202 605 2201 604 2201 602 2200 601 2200 599 2199 598 2199 597 2196 594 2195 594 2194 593 2193 593 2192 592 2189 592 2188 591 2186 591 2185 590 2184 590 2183 589 0.7375
0 2224 711 2223 712 2219 712 2218 713 2216 713 2215 714 2214 714 2214 715 2213 716 2213 718 2212 719 2212 723 2211 724 2211 741 2210 742 2210 752 2209 753 2209 763 2208 764 2208 776 2209 777 2209 780 2210 781 2210 784 2211 785 2211 787 2212 788 2212 789 2215 792 2217 792 2218 793 2222 793 2223 794 2231 794 2232 793 2240 793 2241 792 2244 792 2247 789 2247 788 2248 787 2248 714 2247 714 2246 713 2244 713 2243 712 2240 712 2239 711 0.7958
0 2343 1237 2342 1238 2342 1240 2341 1241 2341 1243 2340 1244 2340 1245 2339 1246 2339 1248 2338 1249 2338 1250 2337 1251 2337 1252 2336 1253 2336 1254 2335 1255 2335 1258 2334 1259 2334 1268 2335 1269 2336 1269 2337 1270 2338 1270 2340 1272 2341 1272 2342 1273 2343 1273 2345 1275 2346 1275 2348 1277 2349 1277 2350 1278 2351 1278 2352 1279 2354 1279 2355 1280 2357 1280 2358 1281 2360 1281 2361 1282 2363 1282 2364 1283 2365 1283 2366 1284 2367 1284 2368 1285 2370 1285 2371 1286 2372 1286 2373 1287 2374 1287 2375 1288 2376 1288 2377 1289 2378 1289 2379 1290 2380 1290 2381 1291 2383 1291 2384 1292 2385 1292 2386 1293 2387 1293 2388 1294 2389 1294 2391 1296 2392 1296 2393 1297 2395 1297 2396 1298 2415 1298 2416 1297 2417 1297 2418 1296 2418 1295 2419 1294 2419 1293 2420 1292 2420 1290 2421 1289 2421 1286 2422 1285 2422 1283 2423 1282 2423 1279 2424 1278 2424 1266 2422 1264 2421 1264 2420 1263 2418 1263 2417 1262 2412 1262 2411 1261 2409 1261 2408 1260 2407 1260 2405 1258 2404 1258 2403 1257 2402 1257 2401 1256 2400 1256 2399 1255 2398 1255 2397 1254 2395 1254 2394 1253 2391 1253 2390 1252 2389 1252 2388 1251 2386 1251 2385 1250 2384 1250 2382 1248 2381 1248 2380 1247 2379 1247 2373 1241 2372 1241 2368 1237 0.7244
0 1168 1153 1167 1154 1163 1154 1162 1155 1159 1155 1158 1156 1157 1156 1156 1157 1154 1157 1152 1159 1152 1160 1151 1161 1151 1162 1150 1163 1150 1170 1151 1171 1151 1172 1154 1175 1154 1176 1155 1177 1155 1178 1156 1179 1156 1180 1157 1181 1157 1182 1158 1183 1160 1183 1161 1184 1165 1184 1166 1185 1173 1185 1174 1186 1199 1186 1200 1187 1221 1187 1222 1186 1224 1186 1225 1185 1226 1185 1227 1184 1227 1183 1228 1182 1228 1181 1229 1180 1229 1176 1230 1175 1230 1168 1229 1167 1229 1166 1228 1165 1228 1164 1227 1163 1227 1162 1226 1161 1226 1160 1222 1156 1221 1156 1220 1155 1219 1155 1218 1154 1214 1154 1213 1153 0.7646
0 2449 1335 2446 1338 2446 1340 2445 1341 2445 1344 2444 1345 2444 1348 2443 1349 2443 1361 2447 1365 2448 1365 2450 1367 2451 1367 2452 1368 2469 1368 2470 1369 2474 1369 2475 1370 2480 1370 2481 1371 2488 1371 2489 1372 2495 1372 2496 1373 2504 1373 2505 1372 2507 1372 2508 1371 2510 1371 2511 1370 2512 1370 2513 1369 2513 1368 2514 1367 2514 1365 2515 1364 2515 1362 2516 1361 2516 1349 2515 1348 2515 1346 2514 1345 2514 1343 2512 1341 2511 1341 2510 1340 2509 1340 2508 1339 2507 1339 2506 1338 2504 1338 2503 1337 2489 1337 2488 1336 2480 1336 2479 1335 0.7593
0 2067 889 2066 890 2065 890 2064 891 2063 891 2060 894 2060 895 2059 896 2059 897 2058 898 2058 900 2057 901 2057 930 2058 931 2058 948 2059 949 2059 952 2060 953 2060 954 2059 955 2059 968 2061 970 2061 971 2063 973 2063 974 2064 975 2064 976 2070 982 2075 982 2076 983 2084 983 2085 982 2086 982 2087 981 2088 981 2089 980 2090 980 2091 979 2092 979 2094 977 2094 975 2095 974 2095 971 2096 970 2096 950 2097 949 2097 946 2098 945 2098 944 2099 943 2099 937 2098 936 2098 932 2097 931 2097 926 2096 925 2096 919 2095 918 2095 912 2094 911 2094 907 2093 906 2093 904 2092 903 2092 900 2091 899 2091 896 2090 895 2090 894 2088 892 2087 892 2086 891 2085 891 2084 890 2082 890 2081 889 0.7263
0 2190 1014 2189 1015 2187 1015 2186 1016 2184 1016 2183 1017 2181 1017 2180 1018 2178 1018 2177 1019 2175 1019 2174 1020 2173 1020 2171 1022 2170 1022 2168 1024 2167 1024 2167 1037 2168 1038 2168 1039 2169 1040 2169 1041 2170 1042 2170 1043 2171 1044 2171 1046 2172 1047 2172 1048 2173 1049 2173 1051 2174 1052 2174 1054 2175 1055 2175 1058 2176 1059 2176 1061 2177 1062 2177 1064 2178 1065 2178 1066 2179 1067 2179 1068 2181 1070 2181 1072 2182 1073 2182 1075 2183 1076 2183 1078 2184 1079 2184 1081 2185 1082 2185 1083 2186 1084 2186 1086 2188 1088 2188 1089 2189 1090 2189 1091 2190 1092 2191 1092 2192 1093 2193 1093 2195 1095 2196 1095 2197 1096 2207 1096 2208 1095 2210 1095 2211 1094 2214 1094 2218 1090 2219 1090 2221 1088 2222 1088 2223 1087 2224 1087 2224 1068 2223 1067 2223 1065 2222 1064 2222 1062 2220 1060 2220 1059 2219 1058 2219 1057 2218 1056 2218 1055 2217 1054 2217 1052 2216 1051 2216 1041 2215 1040 2215 1035 2214 1034 2214 1031 2213 1030 2213 1026 2212 1025 2212 1024 2204 1016 2203 1016 2202 1015 2201 1015 2200 1014 0.7175
0 1739 1034 1738 1035 1737 1035 1736 1036 1735 1036 1734 1037 1733 1037 1725 1045 1725 1046 1722 1049 1722 1050 1719 1053 1719 1054 1718 1055 1718 1056 1717 1057 1717 1059 1716 1060 1716 1061 1715 1062 1715 1063 1711 1067 1711 1068 1709 1070 1709 1071 1707 1073 1707 1075 1706 1076 1706 1077 1705 1078 1705 1080 1704 1081 1704 1082 1703 1083 1703 1084 1702 1085 1702 1088 1701 1089 1701 1091 1700 1092 1700 1094 1699 1095 1699 1110 1700 1111 1701 1111 1705 1115 1706 1115 1707 1116 1708 1116 1710 1118 1711 1118 1712 1119 1713 1119 1714 1120 1715 1120 1716 1121 1717 1121 1718 1122 1720 1122 1721 1123 1737 1123 1739 1121 1739 1120 1741 1118 1741 1117 1747 1111 1747 1110 1748 1109 1748 1108 1749 1107 1749 1106 1750 1105 1750 1104 1751 1103 1751 1101 1752 1100 1752 1098 1753 1097 1753 1095 1754 1094 1754 1092 1755 1091 1755 1089 1756 1088 1756 1086 1757 1085 1757 1084 1759 1082 1759 1081 1761 1079 1761 1077 1762 1076 1762 1075 1763 1074 1763 1072 1764 1071 1764 1069 1765 1068 1765 1067 1766 1066 1766 1064 1767 1063 1767 1047 1766 1046 1766 1045 1765 1044 1765 1043 1764 1042 1764 1041 1763 1040 1763 1038 1762 1037 1761 1037 1760 1036 1759 1036 1758 1035 1757 1035 1756 1034 0.7137
0 1990 647 1989 648 1988 648 1987 649 1986 649 1985 650 1985 651 1983 653 1983 656 1982 657 1982 658 1981 659 1981 660 1980 661 1980 662 1979 663 1979 664 1977 666 1977 667 1976 668 1976 670 1975 671 1975 673 1974 674 1974 678 1973 679 1973 680 1972 681 1972 682 1971 683 1971 684 1970 685 1970 686 1967 689 1967 690 1966 691 1966 692 1965 693 1965 695 1964 696 1964 697 1963 698 1963 700 1962 701 1962 704 1961 705 1961 717 1962 718 1962 720 1963 721 1963 722 1965 724 1965 725 1966 726 1968 726 1969 727 1971 727 1972 728 1977 728 1978 729 1989 729 1990 728 1990 727 1991 726 1991 725 1993 723 1993 722 1998 717 1998 716 2000 714 2000 713 2001 712 2001 709 2002 708 2002 687 2003 686 2003 685 2004 684 2004 683 2005 682 2005 681 2008 678 2008 677 2010 675 2010 674 2011 673 2011 672 2013 670 2013 669 2014 668 2014 659 2013 658 2013 655 2011 653 2010 653 2009 652 2007 652 2006 651 2005 651 2004 650 2003 650 2000 647 0.6770
0 2163 1838 2162 1839 2160 1839 2159 1840 2158 1840 2155 1843 2155 1844 2153 1846 2153 1848 2152 1849 2152 1850 2151 1851 2151 1853 2150 1854 2150 1856 2149 1857 2149 1859 2148 1860 2148 1861 2147 1862 2147 1863 2145 1865 2145 1866 2143 1868 2143 1869 2141 1871 2141 1872 2140 1873 2140 1874 2139 1875 2139 1876 2138 1877 2138 1878 2137 1879 2137 1880 2136 1881 2136 1883 2135 1884 2135 1886 2134 1887 2134 1889 2133 1890 2133 1893 2132 1894 2132 1904 2133 1905 2133 1907 2134 1908 2134 1909 2135 1910 2135 1912 2136 1913 2136 1914 2137 1915 2137 1916 2138 1917 2138 1919 2139 1920 2139 1924 2140 1925 2140 1929 2151 1929 2152 1928 2156 1928 2157 1927 2159 1927 2160 1926 2161 1926 2162 1925 2163 1925 2169 1919 2169 1918 2170 1917 2170 1915 2171 1914 2171 1912 2172 1911 2172 1910 2173 1909 2173 1908 2174 1907 2174 1906 2175 1905 2175 1903 2176 1902 2176 1900 2177 1899 2177 1897 2179 1895 2179 1893 2180 1892 2180 1890 2181 1889 2181 1888 2182 1887 2182 1885 2183 1884 2183 1882 2184 1881 2184 1878 2185 1877 2185 1874 2186 1873 2186 1871 2187 1870 2187 1869 2188 1868 2188 1867 2189 1866 2189 1858 2188 1857 2188 1852 2187 1851 2187 1850 2186 1849 2186 1847 2185 1846 2185 1845 2184 1844 2184 1843 2182 1841 2181 1841 2180 1840 2179 1840 2178 1839 2174 1839 2173 1838 0.6766
0 2263 977 2262 978 2258 978 2257 979 2256 979 2255 980 2253 980 2252 981 2250 981 2244 987 2244 1008 2245 1009 2245 1012 2247 1014 2247 1015 2249 1017 2249 1018 2250 1019 2250 1020 2253 1023 2253 1024 2254 1025 2254 1026 2255 1027 2255 1028 2257 1030 2257 1031 2258 1032 2258 1034 2259 1035 2259 1036 2260 1037 2260 1040 2261 1041 2261 1044 2262 1045 2262 1047 2263 1048 2263 1050 2264 1051 2264 1052 2265 1053 2265 1054 2267 1056 2267 1057 2272 1062 2272 1063 2273 1064 2274 1064 2276 1066 2277 1066 2278 1067 2279 1067 2280 1068 2289 1068 2290 1067 2291 1067 2292 1066 2293 1066 2294 1065 2295 1065 2296 1064 2297 1064 2301 1060 2301 1059 2302 1058 2302 1030 2301 1029 2301 1028 2300 1027 2300 1025 2299 1024 2299 1023 2298 1022 2298 1021 2296 1019 2296 1018 2294 1016 2294 1015 2293 1014 2293 1010 2292 1009 2292 1001 2290 999 2290 998 2289 997 2289 996 2288 995 2288 993 2287 992 2287 990 2286 989 2286 987 2285 986 2285 985 2277 977 0.6883
0 2344 1113 2336 1121 2335 1121 2335 1122 2334 1123 2334 1124 2333 1125 2333 1142 2334 1143 2334 1145 2335 1146 2335 1147 2336 1148 2336 1149 2337 1150 2337 1151 2339 1153 2339 1154 2343 1158 2344 1158 2345 1159 2346 1159 2347 1160 2348 1160 2349 1161 2350 1161 2351 1162 2352 1162 2354 1164 2355 1164 2359 1168 2359 1169 2360 1169 2363 1172 2364 1172 2368 1176 2368 1177 2383 1192 2401 1192 2402 1191 2403 1191 2406 1188 2406 1187 2407 1186 2407 1185 2410 1182 2410 1181 2411 1180 2411 1179 2413 1177 2413 1165 2411 1163 2411 1162 2407 1158 2407 1157 2406 1156 2406 1154 2405 1153 2405 1152 2403 1150 2403 1149 2402 1148 2402 1147 2401 1146 2401 1145 2400 1144 2399 1144 2398 1143 2397 1143 2396 1142 2395 1142 2394 1141 2393 1141 2392 1140 2391 1140 2390 1139 2389 1139 2387 1137 2386 1137 2381 1132 2381 1131 2372 1122 2372 1121 2369 1118 2368 1118 2367 1117 2366 1117 2365 1116 2363 1116 2362 1115 2361 1115 2360 1114 2358 1114 2357 1113 0.6926
0 2114 551 2113 552 2112 552 2109 555 2108 555 2104 559 2104 560 2102 562 2102 563 2101 564 2101 566 2100 567 2100 568 2099 569 2099 576 2098 577 2098 580 2097 581 2097 583 2096 584 2096 585 2095 586 2095 588 2094 589 2094 591 2093 592 2093 595 2092 596 2092 598 2091 599 2091 601 2090 602 2090 604 2089 605 2089 606 2088 607 2088 609 2087 610 2087 640 2088 641 2090 641 2091 642 2093 642 2094 643 2095 643 2096 644 2097 644 2098 645 2100 645 2101 646 2103 646 2104 647 2118 647 2122 643 2122 642 2124 640 2124 639 2125 638 2125 637 2127 635 2127 634 2128 633 2128 632 2129 631 2129 629 2130 628 2130 626 2131 625 2131 623 2132 622 2132 619 2133 618 2133 593 2134 592 2134 591 2135 590 2135 588 2136 587 2136 586 2138 584 2138 583 2140 581 2140 580 2141 579 2141 577 2142 576 2142 562 2141 561 2141 559 2139 557 2138 557 2137 556 2136 556 2135 555 2134 555 2132 553 2131 553 2129 551 0.6954
0 2693 1297 2692 1298 2689 1298 2688 1299 2687 1299 2686 1300 2685 1300 2684 1301 2683 1301 2682 1302 2682 1303 2681 1304 2681 1305 2680 1306 2680 1308 2679 1309 2679 1325 2681 1327 2682 1327 2684 1329 2685 1329 2687 1331 2688 1331 2689 1332 2690 1332 2691 1333 2693 1333 2694 1334 2708 1334 2709 1333 2713 1333 2714 1332 2722 1332 2723 1333 2726 1333 2727 1334 2736 1334 2737 1333 2740 1333 2741 1332 2742 1332 2743 1331 2745 1331 2746 1330 2759 1330 2760 1331 2767 1331 2770 1328 2771 1328 2774 1325 2774 1324 2775 1323 2775 1322 2776 1321 2776 1320 2777 1319 2777 1318 2778 1317 2778 1311 2776 1309 2776 1308 2775 1307 2775 1306 2774 1305 2774 1304 2773 1303 2773 1302 2768 1297 2754 1297 2753 1298 2744 1298 2743 1299 2739 1299 2738 1298 2701 1298 2700 1297 0.7323
0 1921 483 1920 484 1919 484 1918 485 1917 485 1915 487 1915 488 1914 489 1914 490 1913 491 1913 493 1912 494 1912 495 1911 496 1911 498 1910 499 1910 501 1909 502 1909 503 1908 504 1908 505 1907 506 1907 507 1906 508 1906 509 1905 510 1905 512 1904 513 1904 514 1903 515 1903 516 1902 517 1902 518 1901 519 1901 521 1900 522 1900 524 1899 525 1899 527 1898 528 1898 530 1897 531 1897 540 1898 541 1898 544 1902 548 1903 548 1904 549 1905 549 1906 550 1907 550 1908 551 1909 551 1910 552 1919 552 1920 551 1921 551 1925 547 1925 546 1926 545 1926 542 1927 541 1927 539 1928 538 1928 536 1929 535 1929 533 1930 532 1930 530 1931 529 1931 527 1932 526 1932 525 1934 523 1934 522 1935 521 1935 520 1936 519 1936 518 1937 517 1937 515 1938 514 1938 510 1939 509 1939 507 1940 506 1940 505 1941 504 1941 502 1942 501 1942 493 1940 491 1940 490 1939 489 1938 489 1935 486 1934 486 1933 485 1932 485 1931 484 1930 484 1929 483 0.6986
0 2194 1175 2193 1176 2191 1176 2190 1177 2189 1177 2188 1178 2187 1178 2186 1179 2185 1179 2184 1180 2183 1180 2182 1181 2180 1181 2180 1207 2182 1209 2182 1210 2187 1215 2187 1216 2189 1218 2189 1219 2192 1222 2192 1223 2194 1225 2194 1226 2196 1228 2196 1229 2198 1231 2198 1232 2201 1235 2201 1236 2204 1239 2205 1239 2214 1248 2214 1249 2219 1254 2220 1254 2226 1260 2246 1260 2247 1259 2249 1259 2251 1257 2252 1257 2253 1256 2254 1256 2255 1255 2256 1255 2256 1240 2251 1235 2251 1234 2250 1233 2250 1232 2249 1231 2249 1230 2248 1229 2248 1228 2247 1227 2247 1226 2246 1225 2246 1224 2245 1223 2245 1222 2244 1221 2244 1219 2243 1218 2243 1217 2240 1214 2239 1214 2238 1213 2237 1213 2236 1212 2235 1212 2229 1206 2229 1202 2228 1201 2228 1197 2227 1196 2227 1194 2225 1192 2224 1192 2223 1191 2222 1191 2220 1189 2219 1189 2218 1188 2218 1187 2215 1184 2215 1182 2214 1181 2213 1181 2212 1180 2211 1180 2209 1178 2208 1178 2205 1175 0.6270
3 1985 1822 1984 1823 1983 1823 1981 1825 1981 1826 1980 1827 1980 1828 1979 1829 1979 1834 1978 1835 1978 1837 1977 1838 1977 1839 1976 1840 1976 1841 1974 1843 1974 1844 1973 1845 1973 1859 1974 1860 1976 1860 1977 1859 1982 1859 1983 1858 1986 1858 1986 1857 1987 1856 1987 1855 1988 1854 1988 1847 1989 1846 1989 1840 1990 1839 1990 1836 1991 1835 1991 1834 1992 1833 1992 1831 1993 1830 1993 1828 1992 1827 1992 1826 1989 1823 1988 1823 1987 1822 0.4791
