0 3701 1193 3700 1194 3697 1194 3696 1195 3693 1195 3692 1196 3690 1196 3686 1200 3686 1201 3685 1202 3685 1218 3686 1219 3686 1223 3687 1224 3687 1225 3690 1228 3692 1228 3693 1229 3697 1229 3698 1230 3707 1230 3708 1231 3781 1231 3782 1230 3785 1230 3786 1229 3786 1225 3787 1224 3787 1205 3786 1204 3786 1203 3783 1200 3782 1200 3781 1199 3780 1199 3779 1198 3778 1198 3777 1197 3776 1197 3775 1196 3752 1196 3751 1197 3749 1197 3748 1196 3743 1196 3742 1195 3740 1195 3739 1194 3730 1194 3729 1193 0.8419
0 929 1233 928 1234 926 1234 925 1235 923 1235 919 1239 919 1240 918 1241 918 1247 917 1248 917 1256 918 1257 918 1259 919 1260 919 1262 920 1263 920 1264 922 1266 923 1266 924 1267 925 1267 926 1268 927 1268 928 1269 960 1269 961 1268 967 1268 968 1269 973 1269 974 1270 988 1270 989 1269 990 1269 991 1270 1002 1270 1003 1269 1005 1269 1006 1268 1007 1268 1008 1267 1009 1267 1011 1265 1011 1262 1012 1261 1012 1251 1013 1250 1013 1241 1012 1240 1012 1239 1009 1236 1008 1236 1007 1235 1004 1235 1003 1234 934 1234 933 1233 0.8462
0 1176 1468 1175 1469 1150 1469 1149 1470 1143 1470 1142 1469 1127 1469 1126 1470 1120 1470 1119 1471 1117 1471 1116 1472 1115 1472 1114 1473 1114 1474 1113 1475 1113 1476 1112 1477 1112 1492 1113 1493 1113 1495 1114 1496 1114 1497 1116 1499 1117 1499 1119 1501 1121 1501 1122 1502 1135 1502 1136 1503 1154 1503 1155 1504 1171 1504 1172 1503 1182 1503 1183 1502 1185 1502 1186 1501 1187 1501 1188 1500 1189 1500 1190 1499 1191 1499 1193 1497 1194 1497 1196 1495 1196 1494 1197 1493 1197 1480 1196 1479 1196 1478 1195 1477 1195 1476 1194 1475 1194 1474 1191 1471 1190 1471 1189 1470 1187 1470 1186 1469 1184 1469 1183 1468 0.8098
0 2855 1016 2854 1017 2845 1017 2844 1018 2842 1018 2841 1019 2839 1019 2837 1021 2837 1022 2835 1024 2835 1029 2834 1030 2834 1039 2835 1040 2835 1042 2836 1043 2836 1045 2837 1046 2837 1047 2839 1049 2840 1049 2841 1050 2842 1050 2843 1051 2845 1051 2846 1052 2866 1052 2867 1053 2906 1053 2907 1052 2910 1052 2916 1046 2916 1045 2917 1044 2917 1043 2918 1042 2918 1039 2919 1038 2919 1034 2918 1033 2918 1025 2917 1024 2917 1023 2913 1019 2911 1019 2910 1018 2905 1018 2904 1017 2880 1017 2879 1016 0.8270
0 2706 1072 2705 1073 2701 1073 2700 1074 2697 1074 2696 1075 2695 1075 2694 1076 2694 1077 2693 1078 2693 1080 2692 1081 2692 1101 2693 1102 2693 1104 2697 1108 2698 1108 2699 1109 2701 1109 2702 1110 2738 1110 2739 1109 2744 1109 2745 1110 2780 1110 2781 1109 2782 1109 2783 1108 2784 1108 2789 1103 2789 1101 2790 1100 2790 1084 2789 1083 2789 1081 2788 1080 2788 1079 2786 1077 2785 1077 2783 1075 2782 1075 2781 1074 2779 1074 2778 1073 2735 1073 2734 1072 0.8588
0 2975 1518 2973 1520 2973 1521 2971 1523 2971 1524 2970 1525 2970 1526 2969 1527 2969 1528 2968 1529 2968 1543 2969 1544 2969 1545 2971 1547 2972 1547 2973 1548 2974 1548 2975 1549 2976 1549 2977 1550 2978 1550 2980 1552 2981 1552 2982 1553 2985 1553 2986 1554 2989 1554 2990 1555 2993 1555 2994 1556 2999 1556 3000 1557 3005 1557 3006 1558 3009 1558 3010 1559 3013 1559 3014 1560 3016 1560 3017 1561 3020 1561 3021 1562 3024 1562 3025 1563 3027 1563 3028 1564 3029 1564 3030 1565 3055 1565 3056 1564 3056 1563 3058 1561 3058 1560 3059 1559 3059 1558 3060 1557 3060 1556 3061 1555 3061 1554 3062 1553 3062 1547 3063 1546 3063 1539 3062 1538 3062 1535 3060 1533 3060 1532 3059 1531 3058 1531 3057 1530 3054 1530 3053 1529 3047 1529 3046 1528 3043 1528 3042 1527 3037 1527 3036 1526 3033 1526 3032 1525 3031 1525 3030 1524 3026 1524 3025 1523 3019 1523 3018 1522 3013 1522 3012 1521 3009 1521 3008 1520 3006 1520 3005 1519 3004 1519 3003 1518 0.7839
0 642 1236 641 1237 637 1237 636 1238 631 1238 630 1239 628 1239 626 1241 625 1241 624 1242 624 1243 623 1244 623 1245 622 1246 622 1248 621 1249 621 1251 620 1252 620 1266 622 1268 622 1269 627 1274 628 1274 629 1275 631 1275 632 1276 645 1276 646 1275 652 1275 653 1274 663 1274 664 1275 682 1275 683 1274 688 1274 689 1273 690 1273 691 1274 695 1274 696 1275 705 1275 706 1274 708 1274 709 1273 710 1273 713 1270 713 1269 714 1268 714 1266 715 1265 715 1264 719 1260 720 1260 721 1259 723 1259 723 1245 722 1245 721 1244 719 1244 718 1243 717 1243 716 1242 715 1242 714 1241 713 1241 712 1240 711 1240 710 1239 709 1239 708 1238 705 1238 704 1237 694 1237 693 1238 677 1238 676 1237 669 1237 668 1236 0.7910
0 1238 1406 1237 1407 1192 1407 1191 1408 1190 1408 1189 1409 1188 1409 1186 1411 1186 1413 1185 1414 1185 1417 1184 1418 1184 1432 1185 1433 1185 1434 1186 1435 1186 1436 1189 1439 1190 1439 1192 1441 1223 1441 1224 1440 1228 1440 1229 1439 1230 1439 1231 1440 1234 1440 1235 1441 1237 1441 1238 1442 1257 1442 1258 1441 1266 1441 1274 1433 1274 1431 1275 1430 1275 1426 1276 1425 1276 1417 1275 1416 1275 1412 1274 1411 1274 1410 1272 1408 1271 1408 1270 1407 1267 1407 1266 1406 0.8302
0 997 1403 996 1404 994 1404 993 1405 991 1405 990 1406 990 1407 989 1408 989 1410 988 1411 988 1413 987 1414 987 1416 986 1417 986 1428 987 1429 987 1432 988 1433 988 1434 991 1437 993 1437 994 1438 996 1438 997 1439 1000 1439 1001 1440 1030 1440 1031 1441 1062 1441 1063 1440 1064 1440 1065 1439 1067 1439 1069 1437 1070 1437 1073 1434 1073 1433 1074 1432 1074 1429 1075 1428 1075 1425 1076 1424 1076 1417 1075 1416 1075 1410 1071 1406 1070 1406 1069 1405 1067 1405 1066 1404 1064 1404 1063 1403 0.8369
0 1913 98 1912 99 1911 99 1910 100 1909 100 1908 101 1907 101 1906 102 1906 103 1905 104 1905 106 1904 107 1904 109 1903 110 1903 122 1904 123 1904 131 1905 132 1905 139 1906 140 1906 149 1907 150 1907 154 1908 155 1908 161 1909 162 1909 166 1910 167 1910 173 1911 174 1911 178 1912 179 1912 181 1913 182 1913 184 1914 185 1915 185 1916 186 1917 186 1918 187 1920 187 1921 188 1933 188 1934 187 1937 187 1938 186 1942 186 1944 184 1944 183 1945 182 1945 179 1946 178 1946 171 1945 170 1945 165 1944 164 1944 154 1943 153 1943 144 1942 143 1942 132 1941 131 1941 124 1940 123 1940 119 1939 118 1939 113 1938 112 1938 108 1937 107 1937 105 1936 104 1936 103 1935 102 1935 101 1934 101 1933 100 1932 100 1931 99 1927 99 1926 98 0.8111
0 2870 1188 2869 1189 2866 1189 2865 1190 2863 1190 2862 1191 2861 1191 2860 1192 2860 1193 2859 1194 2859 1199 2858 1200 2858 1214 2859 1215 2859 1218 2860 1219 2860 1220 2862 1222 2863 1222 2864 1223 2866 1223 2867 1224 2869 1224 2870 1225 2872 1225 2873 1226 2883 1226 2884 1225 2933 1225 2934 1224 2937 1224 2938 1223 2939 1223 2940 1222 2942 1222 2943 1221 2944 1221 2946 1219 2946 1218 2947 1217 2947 1214 2948 1213 2948 1211 2949 1210 2949 1201 2948 1200 2948 1198 2947 1197 2947 1195 2945 1193 2944 1193 2943 1192 2941 1192 2940 1191 2938 1191 2937 1190 2932 1190 2931 1189 2922 1189 2921 1188 0.8247
0 1106 1302 1105 1303 1101 1303 1100 1304 1092 1304 1091 1303 1082 1303 1081 1304 1075 1304 1074 1305 1073 1305 1072 1306 1072 1307 1071 1308 1071 1309 1070 1310 1070 1327 1071 1328 1071 1331 1072 1332 1072 1333 1074 1335 1078 1335 1079 1336 1086 1336 1087 1337 1125 1337 1126 1336 1128 1336 1129 1335 1133 1335 1134 1334 1135 1334 1138 1331 1138 1330 1140 1328 1140 1326 1141 1325 1141 1311 1140 1310 1140 1309 1135 1304 1134 1304 1133 1303 1125 1303 1124 1302 0.8279
0 456 1350 455 1351 439 1351 438 1352 437 1352 436 1351 424 1351 421 1354 420 1354 420 1379 422 1381 423 1381 426 1384 428 1384 429 1385 434 1385 435 1386 440 1386 441 1387 444 1387 445 1388 464 1388 465 1389 468 1389 469 1390 480 1390 481 1389 485 1389 486 1388 487 1388 488 1387 491 1387 492 1386 500 1386 501 1385 506 1385 507 1384 511 1384 512 1383 513 1383 514 1382 515 1382 517 1380 517 1379 518 1378 518 1377 519 1376 519 1371 520 1370 520 1359 519 1358 519 1357 518 1356 518 1355 517 1354 516 1354 515 1353 514 1353 513 1352 511 1352 510 1351 494 1351 493 1350 481 1350 480 1351 466 1351 465 1350 0.7910
0 846 1402 844 1404 843 1404 842 1405 841 1405 840 1406 836 1406 835 1407 832 1407 831 1408 829 1408 828 1409 827 1409 826 1410 826 1414 825 1415 825 1435 827 1437 827 1438 829 1440 830 1440 832 1442 837 1442 838 1443 844 1443 845 1444 855 1444 856 1445 866 1445 867 1444 869 1444 870 1445 884 1445 885 1444 888 1444 889 1443 893 1443 894 1442 895 1443 906 1443 911 1438 912 1438 915 1435 916 1435 917 1434 917 1433 918 1432 918 1430 919 1429 919 1427 920 1426 920 1417 919 1416 919 1414 918 1413 918 1410 917 1409 916 1409 915 1408 914 1408 913 1407 910 1407 909 1406 907 1406 906 1405 899 1405 898 1404 866 1404 865 1403 858 1403 857 1402 0.7827
0 2174 1876 2172 1878 2171 1878 2170 1879 2169 1879 2168 1880 2166 1880 2165 1881 2163 1881 2162 1882 2161 1882 2158 1885 2158 1886 2157 1887 2157 1900 2158 1901 2158 1906 2159 1907 2159 1915 2160 1916 2160 1925 2161 1926 2161 1935 2162 1936 2162 1944 2163 1945 2163 1951 2164 1952 2164 1955 2165 1956 2165 1957 2166 1958 2166 1959 2167 1960 2168 1960 2169 1961 2173 1961 2174 1962 2193 1962 2194 1961 2195 1961 2197 1959 2197 1957 2198 1956 2198 1939 2197 1938 2197 1920 2196 1919 2196 1911 2195 1910 2195 1905 2194 1904 2194 1900 2193 1899 2193 1895 2192 1894 2192 1889 2191 1888 2191 1886 2190 1885 2190 1884 2185 1879 2184 1879 2182 1877 2181 1877 2180 1876 0.7919
0 3051 1078 3050 1079 3042 1079 3041 1080 3037 1080 3036 1081 3033 1081 3032 1082 3030 1082 3028 1084 3027 1084 3025 1086 3024 1086 3024 1087 3021 1090 3021 1101 3026 1106 3026 1107 3027 1108 3027 1109 3029 1111 3032 1111 3033 1112 3038 1112 3039 1113 3047 1113 3048 1114 3052 1114 3053 1115 3060 1115 3061 1114 3102 1114 3103 1113 3108 1113 3109 1112 3113 1112 3114 1111 3114 1110 3116 1108 3116 1106 3117 1105 3117 1104 3118 1103 3118 1091 3117 1090 3117 1087 3116 1086 3116 1084 3115 1083 3115 1082 3114 1081 3113 1081 3112 1080 3109 1080 3108 1079 3093 1079 3092 1080 3086 1080 3085 1079 3079 1079 3078 1078 0.7937
0 2545 1121 2544 1122 2542 1122 2541 1123 2541 1124 2540 1125 2540 1129 2539 1130 2539 1151 2538 1152 2538 1162 2547 1162 2548 1161 2550 1161 2551 1162 2567 1162 2568 1161 2588 1161 2589 1162 2614 1162 2615 1161 2622 1161 2623 1160 2625 1160 2626 1159 2628 1159 2629 1158 2630 1158 2633 1155 2633 1154 2634 1153 2634 1152 2636 1150 2637 1150 2638 1149 2640 1149 2640 1140 2639 1140 2634 1135 2634 1133 2633 1132 2633 1130 2632 1129 2632 1128 2631 1127 2631 1126 2630 1126 2629 1125 2628 1125 2627 1124 2625 1124 2624 1123 2614 1123 2613 1124 2607 1124 2606 1123 2597 1123 2596 1122 2589 1122 2588 1121 0.8084
0 3533 901 3532 902 3527 902 3526 903 3521 903 3520 904 3519 904 3518 905 3516 905 3515 906 3514 906 3514 907 3513 908 3513 910 3512 911 3512 913 3511 914 3511 932 3512 933 3512 935 3514 937 3514 938 3515 938 3516 939 3517 939 3518 940 3521 940 3522 941 3530 941 3531 942 3551 942 3552 943 3560 943 3561 942 3597 942 3598 941 3600 941 3601 940 3602 940 3603 939 3604 939 3605 938 3606 938 3606 937 3608 935 3608 934 3610 932 3610 931 3611 930 3611 926 3612 925 3612 916 3611 915 3611 913 3610 912 3610 911 3609 910 3609 909 3607 907 3606 907 3605 906 3602 906 3601 905 3595 905 3594 904 3580 904 3579 905 3564 905 3563 904 3559 904 3558 903 3554 903 3553 902 3544 902 3543 901 0.7882
0 3531 1186 3530 1187 3522 1187 3521 1188 3520 1187 3503 1187 3502 1188 3493 1188 3492 1187 3484 1187 3483 1188 3481 1188 3480 1189 3478 1189 3476 1191 3475 1191 3473 1193 3473 1210 3472 1211 3472 1217 3473 1218 3473 1219 3474 1219 3476 1221 3478 1221 3479 1222 3482 1222 3483 1223 3501 1223 3502 1224 3504 1224 3505 1225 3506 1225 3507 1226 3508 1226 3509 1227 3559 1227 3561 1225 3561 1224 3563 1222 3563 1221 3564 1220 3564 1218 3565 1217 3565 1215 3566 1214 3566 1212 3567 1211 3567 1199 3566 1198 3566 1195 3562 1191 3561 1191 3559 1189 3558 1189 3557 1188 3551 1188 3550 1187 3538 1187 3537 1186 0.8005
0 1985 498 1979 504 1979 505 1977 507 1977 517 1978 518 1978 522 1979 523 1979 526 1980 527 1980 530 1981 531 1981 534 1982 535 1982 536 1983 537 1983 539 1984 540 1984 544 1985 545 1985 549 1986 550 1986 552 1987 553 1987 554 1988 555 1988 557 1989 558 1989 560 1990 561 1990 564 1991 565 1991 568 1992 569 1992 570 1993 571 1993 572 1995 574 1995 575 1997 577 2012 577 2013 576 2015 576 2016 575 2018 575 2019 574 2021 574 2025 570 2025 554 2024 553 2024 550 2023 549 2023 547 2022 546 2022 541 2021 540 2021 537 2020 536 2020 534 2019 533 2019 531 2018 530 2018 527 2017 526 2017 522 2016 521 2016 520 2015 519 2015 517 2014 516 2014 514 2013 513 2013 511 2012 510 2012 509 2011 508 2011 507 2010 506 2010 505 2009 504 2009 503 2008 503 2006 501 2005 501 2003 499 2001 499 2000 498 0.7779
0 2717 965 2716 966 2713 966 2712 967 2710 967 2709 968 2706 968 2705 969 2704 969 2700 973 2700 974 2699 975 2699 976 2698 977 2698 983 2699 984 2699 991 2700 992 2700 993 2701 994 2701 995 2705 999 2706 999 2707 1000 2710 1000 2711 1001 2713 1001 2714 1002 2715 1002 2716 1003 2724 1003 2725 1002 2755 1002 2756 1001 2760 1001 2761 1000 2779 1000 2780 999 2782 999 2783 998 2785 998 2786 997 2788 997 2790 995 2790 994 2791 993 2791 991 2792 990 2792 975 2791 974 2791 973 2790 972 2790 971 2789 970 2787 970 2786 969 2784 969 2783 968 2782 968 2781 967 2779 967 2778 966 2774 966 2773 965 2736 965 2735 966 2722 966 2721 965 0.7916
0 2533 1012 2532 1013 2528 1013 2527 1014 2526 1014 2526 1015 2525 1016 2525 1020 2524 1021 2524 1033 2525 1034 2525 1041 2526 1042 2526 1046 2527 1046 2528 1047 2529 1047 2530 1048 2546 1048 2547 1047 2554 1047 2555 1048 2569 1048 2570 1047 2575 1047 2576 1048 2582 1048 2583 1049 2598 1049 2599 1048 2600 1048 2601 1047 2602 1047 2603 1046 2604 1046 2606 1044 2607 1044 2609 1042 2609 1041 2610 1040 2610 1039 2611 1038 2611 1024 2610 1023 2610 1020 2609 1019 2609 1018 2608 1018 2606 1016 2605 1016 2603 1014 2601 1014 2600 1013 2590 1013 2589 1014 2583 1014 2582 1013 2571 1013 2570 1012 0.8266
0 1695 374 1694 375 1693 375 1692 376 1691 376 1689 378 1688 378 1685 381 1684 381 1680 385 1680 386 1679 387 1679 398 1680 399 1680 406 1681 407 1681 416 1682 417 1682 424 1683 425 1683 438 1684 439 1684 441 1685 442 1685 444 1686 445 1686 449 1687 450 1687 455 1688 456 1688 458 1689 459 1689 461 1691 463 1692 463 1693 464 1695 464 1696 465 1701 465 1702 466 1713 466 1714 465 1715 465 1717 463 1718 463 1719 462 1720 462 1720 461 1721 460 1721 459 1722 458 1722 436 1721 435 1721 425 1720 424 1720 422 1719 421 1719 417 1718 416 1718 408 1717 407 1717 390 1716 389 1716 388 1715 387 1715 386 1714 385 1714 384 1713 383 1713 382 1712 381 1712 380 1709 377 1708 377 1707 376 1705 376 1704 375 1702 375 1701 374 0.7778
0 1537 88 1536 89 1534 89 1533 90 1533 93 1532 94 1532 108 1533 109 1533 114 1534 115 1534 120 1535 121 1535 139 1536 140 1536 146 1537 147 1537 150 1538 151 1538 152 1539 153 1539 155 1540 156 1540 160 1541 161 1541 165 1542 166 1542 167 1544 169 1545 169 1546 170 1548 170 1549 171 1566 171 1567 170 1568 170 1569 169 1570 169 1573 166 1573 165 1574 164 1574 152 1573 151 1573 139 1572 138 1572 131 1571 130 1571 123 1570 122 1570 108 1569 107 1569 99 1568 98 1568 95 1567 94 1567 92 1566 91 1566 90 1565 89 1560 89 1559 88 0.8060
0 2654 831 2653 832 2644 832 2643 833 2641 833 2640 834 2639 834 2638 835 2638 836 2637 837 2637 838 2636 839 2636 840 2635 841 2635 844 2634 845 2634 853 2635 854 2635 859 2636 860 2636 861 2638 863 2638 864 2640 866 2641 866 2643 868 2644 868 2645 869 2651 869 2652 870 2712 870 2713 871 2720 871 2721 870 2725 870 2726 869 2728 869 2729 868 2729 867 2730 866 2730 860 2731 859 2731 845 2730 844 2730 838 2729 837 2729 836 2727 834 2724 834 2723 833 2699 833 2698 832 2696 832 2695 831 0.8230
0 3025 1130 3024 1131 3020 1131 3019 1132 3017 1132 3014 1135 3014 1136 3013 1137 3013 1138 3012 1139 3012 1141 3011 1142 3011 1143 3010 1144 3010 1150 3011 1151 3011 1157 3012 1158 3012 1159 3014 1161 3014 1162 3017 1165 3018 1165 3019 1166 3027 1166 3028 1167 3037 1167 3038 1168 3082 1168 3083 1167 3091 1167 3092 1166 3094 1166 3095 1165 3097 1165 3098 1164 3100 1164 3105 1159 3105 1158 3106 1157 3106 1155 3107 1154 3107 1151 3108 1150 3108 1145 3104 1141 3104 1140 3101 1137 3101 1136 3100 1135 3099 1135 3097 1133 3095 1133 3094 1132 3091 1132 3090 1131 3075 1131 3074 1132 3056 1132 3055 1131 3040 1131 3039 1130 0.7893
0 2561 1073 2560 1074 2556 1074 2555 1075 2551 1075 2550 1076 2546 1076 2545 1077 2544 1077 2543 1078 2542 1078 2542 1110 2546 1110 2547 1111 2612 1111 2613 1110 2618 1110 2619 1109 2623 1109 2624 1108 2625 1108 2626 1107 2628 1107 2629 1106 2630 1106 2631 1105 2632 1105 2635 1102 2635 1101 2636 1100 2636 1099 2637 1098 2637 1095 2638 1094 2638 1092 2639 1091 2639 1084 2638 1084 2636 1082 2635 1082 2631 1078 2630 1078 2628 1076 2627 1076 2626 1075 2624 1075 2623 1074 2612 1074 2611 1075 2595 1075 2594 1074 2587 1074 2586 1073 0.8137
0 2871 1070 2870 1071 2868 1071 2867 1072 2866 1072 2863 1075 2863 1076 2862 1077 2862 1081 2861 1082 2861 1097 2862 1098 2862 1099 2865 1102 2866 1102 2868 1104 2869 1104 2871 1106 2872 1106 2873 1107 2880 1107 2881 1108 2901 1108 2902 1107 2908 1107 2909 1106 2917 1106 2918 1107 2947 1107 2948 1106 2949 1106 2950 1105 2951 1105 2952 1104 2953 1104 2954 1103 2955 1103 2956 1102 2957 1102 2957 1101 2958 1100 2958 1099 2959 1098 2959 1093 2960 1092 2960 1082 2959 1081 2959 1079 2958 1078 2958 1076 2957 1075 2956 1075 2954 1073 2953 1073 2952 1072 2949 1072 2948 1071 2892 1071 2891 1070 0.8134
0 3325 1132 3324 1133 3321 1133 3320 1134 3318 1134 3317 1135 3316 1135 3314 1137 3313 1137 3313 1138 3311 1140 3311 1141 3310 1142 3310 1143 3309 1144 3309 1156 3310 1157 3310 1159 3317 1166 3319 1166 3320 1167 3323 1167 3324 1168 3327 1168 3328 1169 3333 1169 3334 1168 3343 1168 3344 1167 3350 1167 3351 1166 3355 1166 3356 1165 3369 1165 3370 1164 3381 1164 3382 1163 3387 1163 3388 1162 3390 1162 3392 1160 3393 1160 3393 1159 3395 1157 3395 1146 3394 1145 3394 1143 3390 1139 3389 1139 3388 1138 3384 1138 3383 1137 3374 1137 3373 1136 3364 1136 3363 1135 3358 1135 3357 1134 3353 1134 3352 1133 3345 1133 3344 1132 0.7213
0 2189 2015 2188 2016 2186 2016 2185 2017 2183 2017 2182 2018 2181 2018 2180 2019 2179 2019 2177 2021 2176 2021 2176 2051 2177 2052 2177 2065 2178 2066 2178 2075 2179 2076 2179 2083 2180 2084 2180 2089 2181 2090 2181 2094 2182 2095 2182 2096 2184 2098 2184 2099 2189 2104 2191 2104 2192 2105 2210 2105 2211 2104 2213 2104 2214 2103 2214 2102 2215 2101 2215 2100 2216 2099 2216 2096 2217 2095 2217 2085 2218 2084 2218 2075 2217 2074 2217 2062 2216 2061 2216 2053 2215 2052 2215 2044 2214 2043 2214 2040 2213 2039 2213 2036 2212 2035 2212 2028 2211 2027 2211 2021 2209 2019 2209 2018 2208 2017 2207 2017 2205 2015 0.7912
0 2581 960 2580 961 2567 961 2566 962 2561 962 2560 963 2559 963 2558 964 2557 964 2555 966 2555 968 2554 969 2554 971 2553 972 2553 986 2554 987 2554 990 2557 993 2558 993 2559 994 2560 994 2561 995 2581 995 2582 996 2588 996 2589 995 2626 995 2627 994 2630 994 2631 993 2633 993 2635 991 2635 990 2636 989 2636 973 2635 972 2635 967 2634 966 2634 965 2633 964 2632 964 2631 963 2629 963 2628 962 2627 962 2626 961 2623 961 2622 960 2617 960 2616 961 2588 961 2587 960 0.8136
0 1597 65 1596 66 1590 66 1588 68 1588 69 1582 75 1581 75 1581 114 1582 115 1582 117 1583 118 1583 119 1584 120 1584 122 1585 123 1585 124 1586 125 1586 130 1587 131 1587 135 1588 136 1588 138 1590 140 1590 141 1591 142 1591 144 1592 145 1592 147 1593 148 1593 150 1599 156 1600 156 1601 157 1614 157 1615 156 1616 156 1617 155 1619 155 1621 153 1622 153 1623 152 1624 152 1627 149 1627 127 1626 126 1626 118 1625 117 1625 112 1624 111 1624 108 1623 107 1623 103 1622 102 1622 98 1621 97 1621 90 1620 89 1620 81 1619 80 1619 77 1618 76 1618 75 1617 74 1617 73 1616 72 1616 71 1615 70 1615 69 1612 66 1606 66 1605 65 0.7459
0 2128 1975 2127 1976 2126 1976 2124 1978 2123 1978 2120 1981 2119 1981 2118 1982 2118 1983 2117 1984 2117 1985 2116 1986 2116 2003 2117 2004 2117 2013 2118 2014 2118 2027 2119 2028 2119 2037 2120 2038 2120 2047 2121 2048 2121 2060 2122 2061 2122 2063 2125 2066 2126 2066 2127 2067 2129 2067 2130 2068 2144 2068 2145 2067 2147 2067 2148 2066 2150 2066 2154 2062 2154 2061 2155 2060 2155 2052 2154 2051 2154 2048 2153 2047 2153 2035 2152 2034 2152 2028 2153 2027 2153 2014 2152 2013 2152 2008 2151 2007 2151 2004 2150 2003 2150 1997 2149 1996 2149 1990 2148 1989 2148 1985 2147 1984 2147 1983 2145 1981 2145 1980 2143 1978 2142 1978 2141 1977 2140 1977 2139 1976 2136 1976 2135 1975 0.7838
0 213 1234 212 1235 182 1235 181 1236 158 1236 157 1237 156 1237 152 1241 152 1242 151 1243 151 1248 150 1249 150 1258 151 1259 151 1263 152 1264 152 1265 154 1267 154 1268 155 1268 157 1270 158 1270 159 1271 170 1271 171 1270 182 1270 183 1271 192 1271 193 1272 203 1272 204 1271 213 1271 214 1272 224 1272 225 1271 229 1271 230 1270 232 1270 233 1269 239 1269 240 1268 246 1268 249 1265 249 1263 250 1262 250 1259 251 1258 251 1245 250 1244 250 1241 247 1238 246 1238 245 1237 243 1237 242 1236 239 1236 238 1235 235 1235 234 1234 0.8030
0 1675 223 1674 224 1671 224 1670 225 1668 225 1667 226 1666 226 1664 228 1663 228 1660 231 1660 245 1661 246 1661 255 1662 256 1662 272 1663 273 1663 279 1664 280 1664 285 1665 286 1665 293 1666 294 1666 297 1667 298 1667 301 1668 302 1668 305 1673 310 1675 310 1676 311 1678 311 1679 312 1681 312 1682 313 1691 313 1692 312 1694 312 1695 311 1697 311 1698 310 1698 309 1702 305 1702 289 1701 288 1701 286 1700 285 1700 280 1699 279 1699 271 1698 270 1698 265 1697 264 1697 261 1696 260 1696 256 1695 255 1695 249 1694 248 1694 234 1692 232 1692 231 1689 228 1689 227 1686 224 1686 223 0.7778
0 1272 1301 1271 1302 1236 1302 1235 1303 1228 1303 1227 1304 1226 1304 1225 1305 1224 1305 1222 1307 1221 1307 1220 1308 1220 1309 1218 1311 1218 1313 1217 1314 1217 1327 1218 1328 1218 1331 1220 1333 1220 1334 1221 1334 1222 1335 1223 1335 1224 1336 1226 1336 1227 1337 1233 1337 1234 1338 1282 1338 1283 1339 1295 1339 1296 1338 1300 1338 1301 1337 1302 1337 1303 1336 1304 1336 1308 1332 1308 1330 1309 1329 1309 1327 1310 1326 1310 1322 1311 1321 1311 1309 1310 1308 1310 1307 1307 1304 1306 1304 1305 1303 1304 1303 1303 1302 1286 1302 1285 1301 0.8033
0 1561 273 1560 274 1559 274 1554 279 1554 280 1553 281 1553 297 1554 298 1554 313 1555 314 1555 345 1556 346 1556 351 1557 352 1557 356 1558 357 1558 358 1559 359 1559 360 1560 361 1560 362 1563 365 1564 365 1565 366 1568 366 1569 367 1574 367 1575 368 1590 368 1591 367 1592 367 1593 366 1594 366 1595 365 1595 320 1594 319 1594 316 1595 315 1595 303 1594 302 1594 299 1593 298 1593 296 1592 295 1592 292 1591 291 1591 289 1590 288 1590 287 1588 285 1588 284 1587 283 1587 282 1583 278 1582 278 1581 277 1580 277 1579 276 1578 276 1577 275 1576 275 1575 274 1572 274 1571 273 0.7853
0 1871 1401 1870 1402 1868 1402 1867 1403 1866 1403 1866 1404 1865 1405 1865 1406 1864 1407 1864 1408 1863 1409 1863 1410 1862 1411 1862 1412 1861 1413 1861 1414 1860 1415 1860 1416 1856 1420 1855 1420 1854 1421 1853 1421 1852 1422 1851 1422 1849 1424 1849 1425 1848 1426 1848 1428 1847 1429 1847 1432 1846 1433 1846 1435 1845 1436 1845 1438 1844 1439 1844 1440 1843 1441 1843 1442 1842 1443 1842 1446 1841 1447 1841 1448 1840 1449 1840 1451 1839 1452 1839 1453 1838 1454 1838 1455 1837 1456 1837 1458 1836 1459 1836 1472 1842 1478 1843 1478 1846 1481 1847 1481 1850 1484 1860 1484 1861 1483 1863 1483 1864 1482 1867 1482 1868 1481 1872 1481 1873 1480 1875 1480 1876 1479 1877 1479 1880 1476 1880 1475 1883 1472 1883 1471 1886 1468 1886 1467 1889 1464 1889 1463 1890 1462 1890 1460 1891 1459 1891 1458 1892 1457 1892 1455 1893 1454 1893 1453 1894 1452 1894 1451 1899 1446 1899 1410 1896 1407 1895 1407 1894 1406 1892 1406 1891 1405 1889 1405 1888 1404 1887 1404 1886 1403 1884 1403 1883 1402 1882 1402 1881 1401 0.6880
0 3638 969 3637 970 3615 970 3614 971 3604 971 3603 972 3601 972 3600 973 3599 973 3598 974 3597 974 3596 975 3595 975 3593 977 3593 978 3592 979 3592 982 3591 983 3591 992 3592 993 3592 995 3593 996 3593 997 3594 998 3594 999 3595 1000 3596 1000 3598 1002 3600 1002 3601 1003 3603 1003 3604 1004 3613 1004 3614 1005 3647 1005 3648 1006 3673 1006 3674 1007 3678 1007 3679 1006 3681 1006 3682 1005 3683 1005 3684 1004 3685 1004 3688 1001 3688 999 3689 998 3689 993 3690 992 3690 984 3689 983 3689 977 3685 973 3684 973 3683 972 3680 972 3679 971 3649 971 3648 970 3643 970 3642 969 0.7907
0 2189 1147 2188 1148 2187 1148 2185 1150 2184 1150 2183 1151 2182 1151 2181 1152 2180 1152 2179 1153 2176 1153 2175 1154 2171 1154 2170 1155 2166 1155 2165 1156 2160 1156 2159 1157 2155 1157 2154 1158 2153 1158 2151 1160 2150 1160 2149 1161 2147 1161 2146 1162 2142 1162 2141 1163 2139 1163 2138 1164 2136 1164 2135 1165 2134 1165 2132 1167 2131 1167 2129 1169 2129 1179 2130 1180 2130 1183 2131 1184 2131 1185 2132 1186 2132 1187 2133 1188 2133 1189 2134 1190 2134 1191 2136 1193 2136 1194 2137 1194 2139 1196 2167 1196 2168 1195 2171 1195 2172 1194 2175 1194 2176 1193 2178 1193 2179 1192 2180 1192 2181 1191 2183 1191 2184 1190 2188 1190 2189 1189 2192 1189 2193 1188 2195 1188 2196 1187 2198 1187 2199 1186 2201 1186 2202 1185 2213 1185 2214 1184 2216 1184 2217 1183 2219 1183 2220 1182 2221 1182 2221 1164 2220 1163 2220 1157 2219 1156 2219 1155 2218 1154 2218 1153 2217 1152 2217 1151 2214 1148 2214 1147 0.7469
0 2245 1963 2244 1964 2241 1964 2240 1965 2238 1965 2237 1966 2236 1966 2234 1968 2233 1968 2231 1970 2231 1971 2229 1973 2229 1978 2228 1979 2228 1992 2229 1993 2229 1998 2230 1999 2230 2000 2231 2001 2231 2002 2232 2003 2232 2005 2233 2006 2233 2007 2234 2008 2234 2009 2235 2010 2235 2014 2236 2015 2236 2018 2237 2019 2237 2021 2238 2022 2238 2025 2239 2026 2239 2031 2240 2032 2240 2041 2241 2042 2241 2047 2242 2048 2242 2049 2243 2050 2243 2051 2245 2053 2246 2053 2247 2054 2248 2054 2249 2055 2261 2055 2262 2054 2263 2054 2264 2053 2265 2053 2267 2051 2267 2050 2269 2048 2269 2034 2268 2033 2269 2032 2269 2014 2268 2013 2268 1995 2267 1994 2267 1986 2266 1985 2266 1978 2265 1977 2265 1973 2264 1972 2264 1971 2263 1970 2263 1969 2262 1968 2262 1967 2261 1967 2260 1966 2259 1966 2258 1965 2257 1965 2256 1964 2255 1964 2254 1963 0.7118
1 1042 1465 1041 1466 1034 1466 1033 1467 1029 1467 1028 1468 975 1468 974 1469 961 1469 960 1468 918 1468 917 1469 912 1469 911 1470 909 1470 908 1471 907 1471 906 1472 903 1472 902 1471 889 1471 888 1472 884 1472 883 1473 878 1473 877 1472 869 1472 868 1473 866 1473 865 1474 863 1474 862 1475 861 1475 857 1479 857 1511 856 1512 856 1521 906 1521 907 1520 908 1520 909 1519 913 1519 914 1518 981 1518 982 1519 985 1519 986 1520 987 1520 988 1521 1012 1521 1013 1520 1014 1520 1015 1521 1029 1521 1030 1522 1050 1522 1053 1519 1055 1519 1056 1518 1060 1518 1061 1517 1062 1517 1062 1516 1063 1515 1063 1514 1064 1513 1064 1512 1065 1511 1065 1509 1066 1508 1066 1507 1067 1506 1067 1501 1068 1500 1068 1477 1067 1476 1067 1470 1066 1469 1066 1468 1063 1465 0.7866
0 3380 1186 3379 1187 3371 1187 3370 1188 3362 1188 3361 1189 3355 1189 3354 1190 3352 1190 3350 1192 3349 1192 3347 1194 3347 1215 3348 1216 3348 1218 3349 1218 3352 1221 3353 1221 3354 1222 3355 1222 3356 1223 3358 1223 3359 1224 3361 1224 3362 1225 3363 1225 3364 1226 3385 1226 3386 1227 3393 1227 3394 1226 3407 1226 3408 1227 3415 1227 3416 1226 3417 1226 3418 1225 3419 1225 3421 1223 3422 1223 3428 1217 3429 1217 3429 1216 3430 1215 3430 1213 3431 1212 3431 1201 3430 1200 3430 1198 3429 1197 3429 1196 3428 1195 3428 1194 3424 1190 3423 1190 3422 1189 3421 1189 3420 1188 3418 1188 3417 1187 3396 1187 3395 1186 0.7813
0 1742 245 1741 246 1740 246 1739 247 1738 247 1737 248 1736 248 1733 251 1733 252 1732 253 1732 254 1731 255 1731 256 1730 257 1730 270 1731 271 1731 278 1732 279 1732 294 1733 295 1733 304 1734 305 1734 308 1735 309 1735 313 1736 314 1736 319 1737 320 1737 323 1738 324 1738 328 1739 329 1739 330 1745 336 1750 336 1751 337 1758 337 1760 335 1761 335 1762 334 1763 334 1764 333 1765 333 1766 332 1767 332 1768 331 1769 331 1770 330 1770 304 1769 303 1769 299 1768 298 1768 294 1767 293 1767 282 1766 281 1766 276 1765 275 1765 269 1764 268 1764 265 1763 264 1763 261 1762 260 1762 257 1761 256 1761 254 1760 253 1760 252 1756 248 1755 248 1754 247 1753 247 1752 246 1751 246 1750 245 0.7556
0 3647 1132 3646 1133 3641 1133 3640 1134 3639 1134 3638 1135 3637 1135 3636 1136 3635 1136 3634 1137 3632 1137 3631 1138 3630 1138 3628 1140 3627 1140 3627 1141 3624 1144 3624 1145 3623 1146 3623 1160 3625 1162 3625 1163 3627 1165 3627 1166 3630 1169 3632 1169 3633 1170 3635 1170 3636 1171 3639 1171 3640 1172 3648 1172 3649 1173 3664 1173 3665 1172 3698 1172 3699 1171 3704 1171 3705 1170 3708 1170 3709 1169 3712 1169 3713 1168 3714 1168 3717 1165 3717 1164 3718 1163 3718 1161 3719 1160 3719 1158 3720 1157 3720 1146 3719 1145 3719 1144 3718 1143 3718 1142 3717 1141 3717 1140 3715 1138 3715 1137 3714 1136 3714 1135 3713 1134 3712 1134 3711 1133 3710 1133 3709 1132 0.7925
0 1286 1473 1285 1474 1282 1474 1281 1475 1278 1475 1277 1476 1276 1476 1275 1477 1274 1477 1272 1479 1271 1479 1269 1481 1268 1481 1267 1482 1267 1486 1266 1487 1266 1497 1267 1498 1267 1501 1268 1502 1268 1504 1271 1507 1272 1507 1273 1508 1274 1508 1275 1509 1276 1509 1277 1510 1282 1510 1283 1511 1294 1511 1295 1510 1298 1510 1299 1509 1318 1509 1319 1510 1330 1510 1331 1509 1337 1509 1338 1508 1350 1508 1351 1507 1352 1507 1355 1504 1355 1503 1357 1501 1357 1500 1358 1499 1358 1498 1359 1497 1359 1496 1360 1495 1360 1489 1359 1488 1359 1483 1358 1482 1358 1481 1353 1476 1352 1476 1351 1475 1350 1475 1349 1474 1306 1474 1305 1473 0.7738
0 1183 1239 1182 1240 1156 1240 1155 1241 1149 1241 1148 1242 1145 1242 1141 1246 1141 1247 1140 1248 1140 1250 1139 1251 1139 1261 1140 1262 1140 1266 1142 1268 1142 1269 1146 1273 1152 1273 1153 1274 1166 1274 1167 1275 1173 1275 1174 1274 1186 1274 1187 1275 1202 1275 1203 1276 1212 1276 1213 1277 1217 1277 1218 1276 1220 1276 1221 1275 1222 1275 1223 1274 1224 1274 1226 1272 1227 1272 1230 1269 1230 1268 1233 1265 1233 1263 1234 1262 1234 1252 1233 1251 1233 1250 1232 1249 1232 1248 1231 1247 1231 1246 1230 1245 1230 1243 1228 1241 1225 1241 1224 1240 1203 1240 1202 1239 0.7731
0 3718 1248 3717 1249 3675 1249 3674 1250 3671 1250 3670 1251 3668 1251 3667 1252 3665 1252 3664 1253 3663 1253 3662 1254 3662 1255 3661 1256 3661 1257 3660 1258 3660 1259 3659 1260 3659 1274 3660 1275 3660 1278 3665 1283 3667 1283 3668 1284 3671 1284 3672 1285 3676 1285 3677 1286 3687 1286 3688 1285 3704 1285 3705 1284 3740 1284 3741 1283 3744 1283 3745 1282 3746 1282 3747 1281 3748 1281 3750 1279 3750 1273 3751 1272 3751 1263 3750 1262 3750 1258 3749 1257 3749 1255 3747 1253 3746 1253 3745 1252 3744 1252 3743 1251 3741 1251 3740 1250 3738 1250 3737 1249 3731 1249 3730 1248 0.7973
0 1624 263 1623 264 1621 264 1620 265 1619 265 1618 266 1617 266 1616 267 1615 267 1613 269 1612 269 1612 270 1611 271 1611 288 1612 289 1612 295 1613 296 1613 302 1614 303 1614 308 1615 309 1615 315 1616 316 1616 323 1617 324 1617 330 1618 331 1618 332 1620 334 1621 334 1622 335 1623 335 1624 336 1638 336 1639 335 1640 335 1641 334 1642 334 1643 333 1644 333 1647 330 1647 329 1648 328 1648 313 1647 312 1647 302 1646 301 1646 289 1645 288 1645 280 1644 279 1644 273 1643 272 1643 269 1638 264 1634 264 1633 263 0.7774
0 1574 1228 1573 1229 1567 1229 1566 1230 1563 1230 1562 1231 1559 1231 1558 1232 1556 1232 1555 1233 1551 1233 1550 1234 1547 1234 1546 1235 1540 1235 1539 1236 1527 1236 1526 1237 1523 1237 1522 1238 1521 1238 1520 1239 1520 1253 1521 1254 1521 1256 1522 1257 1522 1260 1523 1261 1523 1264 1524 1265 1524 1266 1529 1271 1533 1271 1534 1272 1537 1272 1538 1273 1545 1273 1546 1272 1562 1272 1563 1271 1570 1271 1571 1270 1575 1270 1576 1269 1579 1269 1580 1268 1584 1268 1585 1267 1590 1267 1591 1266 1594 1266 1595 1265 1597 1265 1598 1264 1599 1264 1600 1263 1601 1263 1604 1260 1604 1259 1606 1257 1606 1256 1607 1255 1607 1244 1606 1243 1606 1239 1605 1238 1605 1236 1604 1235 1604 1234 1603 1233 1603 1232 1602 1231 1602 1230 1601 1229 1601 1228 0.7674
2 2607 886 2606 887 2602 887 2601 888 2596 888 2595 889 2587 889 2586 890 2569 890 2568 891 2563 891 2562 892 2561 892 2560 893 2559 893 2558 894 2558 895 2557 896 2557 897 2556 898 2556 899 2555 900 2555 902 2554 903 2554 911 2553 912 2553 920 2554 921 2554 927 2555 928 2555 931 2556 932 2556 933 2559 936 2570 936 2571 935 2601 935 2602 936 2621 936 2622 937 2651 937 2652 938 2660 938 2661 937 2714 937 2715 936 2722 936 2723 935 2727 935 2728 934 2730 934 2734 930 2734 929 2735 928 2735 924 2736 923 2736 903 2735 902 2735 899 2734 898 2734 895 2733 894 2733 892 2732 891 2732 890 2731 889 2731 888 2730 887 2683 887 2682 886 2662 886 2661 887 2643 887 2642 886 0.8107
0 427 1231 426 1232 419 1232 418 1233 411 1233 410 1234 407 1234 406 1235 405 1235 402 1238 402 1241 401 1242 401 1245 400 1246 400 1247 399 1248 399 1249 398 1250 398 1257 403 1262 404 1262 405 1263 408 1263 409 1264 412 1264 413 1265 416 1265 417 1266 420 1266 421 1267 423 1267 424 1268 431 1268 432 1267 463 1267 464 1268 466 1268 467 1269 481 1269 482 1268 485 1268 486 1267 487 1267 489 1265 490 1265 490 1264 491 1263 491 1262 492 1261 492 1260 493 1259 493 1258 494 1257 494 1256 495 1255 495 1241 494 1240 494 1239 490 1235 489 1235 488 1234 487 1234 486 1233 480 1233 479 1232 452 1232 451 1231 0.7707
0 2225 1811 2224 1812 2223 1812 2222 1813 2221 1813 2219 1815 2218 1815 2217 1816 2216 1816 2214 1818 2214 1819 2213 1820 2213 1823 2212 1824 2212 1835 2213 1836 2213 1840 2214 1841 2214 1850 2215 1851 2215 1879 2216 1880 2216 1883 2217 1884 2217 1888 2218 1889 2218 1893 2219 1894 2219 1896 2220 1897 2220 1898 2222 1900 2222 1901 2224 1901 2225 1902 2231 1902 2232 1903 2243 1903 2244 1902 2250 1902 2251 1901 2251 1900 2252 1899 2252 1897 2253 1896 2253 1891 2254 1890 2254 1873 2253 1872 2253 1855 2252 1854 2252 1838 2251 1837 2251 1828 2250 1827 2250 1824 2249 1823 2249 1822 2248 1821 2248 1820 2247 1819 2247 1818 2245 1816 2244 1816 2242 1814 2241 1814 2239 1812 2237 1812 2236 1811 0.7813
0 3170 1134 3169 1135 3143 1135 3142 1136 3138 1136 3138 1137 3136 1139 3136 1140 3135 1141 3135 1142 3134 1143 3134 1153 3135 1154 3135 1157 3136 1158 3136 1162 3137 1163 3137 1169 3138 1170 3139 1170 3140 1171 3145 1171 3146 1172 3158 1172 3159 1173 3169 1173 3170 1172 3179 1172 3180 1173 3187 1173 3188 1172 3194 1172 3195 1171 3210 1171 3211 1170 3218 1170 3219 1169 3222 1169 3224 1167 3224 1166 3225 1165 3225 1164 3226 1163 3226 1148 3225 1147 3225 1145 3223 1143 3223 1142 3222 1141 3221 1141 3220 1140 3217 1140 3216 1139 3214 1139 3213 1138 3212 1138 3211 1137 3210 1137 3209 1136 3194 1136 3193 1135 3188 1135 3187 1134 0.7810
1 3051 1180 3050 1181 3049 1181 3048 1182 3047 1182 3047 1183 3045 1185 3045 1186 3044 1187 3044 1188 3043 1189 3043 1199 3044 1200 3044 1202 3045 1203 3045 1209 3046 1210 3046 1218 3047 1219 3047 1220 3048 1221 3049 1221 3051 1223 3052 1223 3053 1224 3055 1224 3056 1225 3057 1225 3058 1226 3059 1226 3062 1229 3063 1229 3064 1230 3066 1230 3067 1231 3075 1231 3076 1232 3096 1232 3097 1231 3107 1231 3108 1230 3136 1230 3137 1229 3159 1229 3160 1230 3176 1230 3177 1229 3197 1229 3198 1230 3215 1230 3216 1229 3220 1229 3221 1228 3221 1227 3222 1226 3222 1221 3223 1220 3223 1210 3224 1209 3224 1189 3223 1188 3223 1185 3222 1184 3222 1183 3218 1183 3217 1182 3193 1182 3192 1183 3155 1183 3154 1182 3138 1182 3137 1181 3134 1181 3133 1180 3067 1180 3066 1181 3065 1181 3064 1180 0.8008
0 2257 2097 2256 2098 2253 2098 2252 2099 2249 2099 2248 2100 2247 2100 2246 2101 2245 2101 2243 2103 2243 2104 2242 2105 2242 2119 2243 2120 2243 2125 2244 2126 2244 2131 2245 2132 2245 2158 2283 2158 2283 2150 2282 2149 2282 2143 2281 2142 2281 2128 2280 2127 2280 2118 2279 2117 2279 2109 2278 2108 2278 2105 2277 2104 2277 2103 2273 2099 2272 2099 2271 2098 2268 2098 2267 2097 0.7867
0 3785 1130 3783 1132 3782 1132 3781 1133 3780 1133 3779 1134 3778 1134 3776 1136 3775 1136 3771 1140 3771 1141 3770 1142 3770 1143 3769 1144 3769 1158 3770 1159 3770 1160 3771 1161 3771 1162 3772 1163 3772 1164 3774 1166 3775 1166 3776 1167 3777 1167 3778 1168 3779 1168 3780 1169 3781 1169 3782 1170 3783 1170 3784 1171 3785 1171 3786 1172 3794 1172 3795 1173 3814 1173 3815 1172 3828 1172 3829 1173 3838 1173 3838 1131 3827 1131 3826 1130 0.8086
0 3511 1131 3510 1132 3508 1132 3507 1133 3505 1133 3504 1134 3502 1134 3501 1135 3500 1135 3499 1136 3498 1136 3496 1138 3496 1139 3494 1141 3494 1142 3493 1143 3493 1155 3494 1156 3494 1160 3495 1161 3495 1162 3496 1163 3496 1164 3497 1165 3497 1166 3498 1166 3499 1167 3500 1167 3501 1168 3505 1168 3506 1169 3513 1169 3514 1170 3523 1170 3524 1171 3551 1171 3552 1170 3572 1170 3573 1169 3575 1169 3576 1168 3578 1168 3579 1167 3581 1167 3585 1163 3585 1162 3587 1160 3587 1149 3586 1148 3586 1144 3585 1143 3585 1142 3584 1141 3584 1140 3580 1136 3579 1136 3577 1134 3576 1134 3575 1133 3573 1133 3572 1132 3571 1132 3570 1131 0.7929
0 1894 1641 1893 1642 1891 1642 1890 1643 1890 1645 1889 1646 1889 1649 1887 1651 1887 1652 1886 1653 1886 1654 1885 1655 1885 1657 1884 1658 1884 1663 1883 1664 1883 1675 1882 1676 1882 1678 1881 1679 1881 1681 1880 1682 1880 1683 1879 1684 1879 1686 1878 1687 1878 1688 1877 1689 1877 1692 1876 1693 1876 1695 1875 1696 1875 1701 1874 1702 1874 1718 1875 1719 1875 1722 1876 1722 1878 1724 1879 1724 1880 1725 1881 1725 1882 1726 1883 1726 1884 1727 1886 1727 1887 1728 1897 1728 1898 1727 1901 1727 1905 1723 1905 1722 1906 1721 1906 1719 1907 1718 1907 1716 1908 1715 1908 1714 1909 1713 1909 1712 1910 1711 1910 1709 1911 1708 1911 1705 1912 1704 1912 1702 1913 1701 1913 1700 1914 1699 1914 1698 1915 1697 1915 1694 1916 1693 1916 1685 1917 1684 1917 1679 1918 1678 1918 1675 1919 1674 1919 1664 1920 1663 1920 1649 1919 1648 1919 1647 1918 1646 1918 1645 1916 1643 1915 1643 1914 1642 1910 1642 1909 1641 0.7376
0 3671 1051 3670 1052 3668 1052 3667 1053 3666 1053 3665 1054 3664 1054 3663 1055 3662 1055 3661 1056 3660 1056 3659 1057 3656 1057 3655 1058 3650 1058 3649 1059 3643 1059 3642 1060 3634 1060 3633 1061 3627 1061 3626 1062 3623 1062 3622 1063 3618 1063 3617 1064 3615 1064 3614 1065 3612 1065 3610 1067 3609 1067 3606 1070 3606 1071 3605 1072 3605 1074 3604 1075 3604 1089 3605 1090 3605 1091 3606 1092 3606 1093 3607 1093 3612 1098 3613 1098 3614 1099 3615 1099 3616 1100 3626 1100 3627 1099 3634 1099 3635 1098 3639 1098 3640 1097 3643 1097 3644 1096 3646 1096 3647 1095 3649 1095 3650 1094 3653 1094 3654 1093 3656 1093 3657 1092 3659 1092 3660 1091 3663 1091 3664 1090 3667 1090 3668 1089 3672 1089 3673 1088 3679 1088 3680 1087 3685 1087 3686 1086 3690 1086 3691 1085 3694 1085 3695 1084 3697 1084 3698 1083 3701 1083 3702 1082 3703 1082 3704 1081 3705 1081 3708 1078 3708 1059 3707 1058 3707 1057 3706 1056 3706 1055 3705 1054 3705 1053 3703 1051 0.7523
0 3337 1076 3336 1077 3329 1077 3327 1079 3326 1079 3326 1080 3324 1082 3324 1083 3323 1084 3323 1106 3324 1107 3324 1110 3325 1110 3328 1113 3329 1113 3330 1114 3333 1114 3334 1115 3339 1115 3340 1116 3348 1116 3349 1115 3363 1115 3364 1116 3377 1116 3378 1115 3398 1115 3399 1114 3410 1114 3411 1113 3418 1113 3419 1112 3421 1112 3422 1111 3423 1111 3424 1110 3424 1079 3423 1078 3422 1078 3421 1077 3419 1077 3418 1076 3410 1076 3409 1077 3406 1077 3405 1078 3402 1078 3401 1079 3400 1078 3390 1078 3389 1077 3381 1077 3380 1076 3357 1076 3356 1077 3353 1077 3352 1076 0.8192
1 2381 1173 2380 1174 2378 1174 2377 1175 2375 1175 2374 1176 2373 1176 2369 1180 2369 1187 2370 1188 2370 1192 2371 1193 2371 1194 2370 1195 2370 1197 2369 1198 2369 1200 2368 1201 2368 1210 2369 1211 2369 1212 2370 1213 2370 1214 2373 1217 2374 1217 2375 1218 2376 1218 2377 1219 2379 1219 2380 1220 2392 1220 2393 1219 2425 1219 2426 1220 2470 1220 2471 1221 2490 1221 2491 1222 2498 1222 2499 1223 2519 1223 2520 1224 2531 1224 2532 1223 2566 1223 2567 1222 2570 1222 2571 1221 2573 1221 2577 1217 2577 1216 2578 1215 2578 1214 2579 1213 2579 1211 2580 1210 2580 1201 2579 1200 2579 1197 2578 1196 2578 1192 2577 1191 2577 1186 2576 1185 2576 1181 2575 1180 2575 1178 2573 1176 2558 1176 2557 1177 2531 1177 2530 1178 2482 1178 2481 1177 2466 1177 2465 1178 2462 1178 2461 1177 2447 1177 2446 1176 2427 1176 2426 1175 2421 1175 2420 1174 2396 1174 2395 1173 0.7836
0 1782 1074 1776 1080 1775 1080 1772 1083 1771 1083 1768 1086 1768 1087 1766 1089 1766 1090 1758 1098 1758 1099 1757 1100 1757 1101 1756 1102 1756 1103 1748 1111 1748 1112 1747 1113 1746 1113 1745 1114 1744 1114 1743 1115 1742 1115 1740 1117 1740 1118 1739 1119 1739 1120 1738 1121 1738 1122 1737 1123 1737 1125 1736 1126 1736 1127 1735 1128 1735 1144 1736 1145 1736 1150 1737 1151 1737 1152 1738 1153 1738 1154 1739 1154 1740 1155 1758 1155 1761 1152 1762 1152 1768 1146 1768 1145 1781 1132 1783 1132 1784 1131 1786 1131 1787 1130 1788 1130 1789 1129 1790 1129 1792 1127 1792 1126 1793 1125 1793 1121 1794 1120 1794 1119 1795 1118 1795 1117 1796 1116 1796 1115 1798 1113 1798 1112 1801 1109 1801 1108 1805 1104 1805 1103 1806 1102 1806 1101 1807 1100 1807 1099 1808 1098 1808 1085 1803 1080 1802 1080 1800 1078 1799 1078 1795 1074 0.6656
0 1585 403 1584 404 1583 404 1581 406 1581 407 1580 408 1580 410 1579 411 1579 413 1578 414 1578 415 1573 420 1573 421 1572 422 1572 423 1571 424 1571 433 1572 434 1572 442 1573 443 1573 449 1574 450 1574 459 1575 460 1575 467 1576 468 1576 474 1577 475 1577 481 1578 482 1578 486 1579 487 1579 488 1580 489 1580 490 1581 491 1581 492 1582 493 1582 494 1584 496 1584 497 1586 499 1609 499 1610 498 1612 498 1614 496 1614 449 1613 448 1613 441 1612 440 1612 435 1611 434 1611 426 1610 425 1610 419 1609 418 1609 413 1608 412 1608 411 1607 410 1606 410 1604 408 1602 408 1601 407 1600 407 1599 406 1598 406 1597 405 1596 405 1595 404 1593 404 1592 403 0.7388
0 1637 405 1636 406 1635 406 1634 407 1633 407 1628 412 1628 413 1627 414 1627 443 1628 444 1628 450 1629 451 1629 455 1630 456 1630 460 1631 461 1631 464 1632 465 1632 467 1636 471 1637 471 1639 473 1640 473 1641 474 1642 474 1643 475 1644 475 1645 476 1655 476 1656 475 1658 475 1659 474 1661 474 1664 471 1664 470 1665 469 1665 468 1666 467 1666 442 1665 441 1665 425 1664 424 1664 421 1663 420 1663 417 1662 416 1662 414 1660 412 1660 411 1659 411 1656 408 1655 408 1654 407 1653 407 1652 406 1651 406 1650 405 0.7527
0 1763 385 1762 386 1757 386 1755 388 1754 388 1752 390 1752 407 1753 408 1753 416 1754 417 1754 424 1755 425 1755 440 1756 441 1756 444 1757 445 1757 447 1758 448 1758 449 1759 449 1760 450 1762 450 1763 451 1764 451 1765 452 1766 452 1768 454 1773 454 1774 453 1777 453 1778 452 1780 452 1782 450 1782 448 1783 447 1783 444 1784 443 1784 427 1783 426 1783 417 1782 416 1782 404 1781 403 1781 398 1780 397 1780 395 1779 394 1779 392 1778 391 1778 390 1777 389 1776 389 1774 387 1773 387 1772 386 1770 386 1769 385 0.7557
0 2113 1827 2112 1828 2111 1828 2110 1829 2109 1829 2108 1830 2106 1830 2104 1832 2103 1832 2101 1834 2101 1835 2099 1837 2099 1838 2097 1840 2097 1859 2098 1860 2098 1863 2099 1864 2099 1866 2100 1867 2100 1870 2101 1871 2101 1873 2102 1874 2102 1879 2103 1880 2103 1885 2104 1886 2104 1890 2105 1891 2105 1893 2106 1894 2106 1897 2107 1898 2107 1903 2108 1904 2108 1911 2109 1912 2109 1917 2110 1918 2110 1924 2111 1925 2111 1926 2112 1927 2113 1927 2114 1928 2116 1928 2117 1929 2131 1929 2132 1928 2137 1928 2138 1927 2139 1927 2140 1926 2140 1917 2139 1916 2139 1905 2138 1904 2138 1895 2137 1894 2137 1881 2136 1880 2136 1876 2137 1875 2137 1850 2136 1849 2136 1843 2135 1842 2135 1841 2134 1840 2134 1839 2131 1836 2130 1836 2129 1835 2128 1835 2126 1833 2125 1833 2119 1827 0.6917
0 1721 92 1718 95 1718 96 1716 98 1716 99 1715 100 1715 101 1714 102 1714 119 1715 120 1715 129 1716 130 1716 152 1717 153 1717 159 1718 160 1718 165 1719 166 1719 171 1720 172 1720 176 1721 177 1721 179 1724 182 1726 182 1727 183 1730 183 1731 184 1745 184 1746 183 1747 183 1748 182 1749 182 1754 177 1754 146 1753 145 1753 141 1752 140 1752 133 1751 132 1751 113 1750 112 1750 109 1749 108 1749 106 1748 105 1748 103 1747 102 1747 101 1746 100 1746 99 1741 94 1740 94 1739 93 1737 93 1736 92 0.7579
0 1659 91 1654 96 1654 97 1653 98 1653 99 1652 100 1652 108 1653 109 1653 114 1654 115 1654 122 1655 123 1655 140 1656 141 1656 154 1657 155 1657 162 1658 163 1658 173 1661 176 1661 177 1662 177 1663 178 1666 178 1667 179 1670 179 1671 180 1673 180 1674 181 1687 181 1692 176 1692 152 1691 151 1691 145 1690 144 1690 139 1689 138 1689 137 1690 136 1690 131 1691 130 1691 122 1690 121 1690 117 1689 116 1689 112 1688 111 1688 108 1687 107 1687 105 1686 104 1686 102 1685 101 1685 100 1684 99 1684 98 1679 93 1678 93 1677 92 1674 92 1673 91 0.7436
0 2056 1873 2055 1874 2054 1874 2053 1875 2052 1875 2051 1876 2050 1876 2047 1879 2047 1880 2046 1881 2046 1882 2045 1883 2045 1884 2044 1885 2044 1887 2043 1888 2043 1892 2044 1893 2044 1901 2045 1902 2045 1911 2046 1912 2046 1918 2047 1919 2047 1926 2048 1927 2048 1934 2049 1935 2049 1938 2051 1940 2052 1940 2053 1941 2055 1941 2056 1942 2061 1942 2062 1941 2070 1941 2071 1940 2072 1940 2074 1938 2075 1938 2076 1937 2076 1913 2075 1912 2075 1907 2074 1906 2074 1902 2073 1901 2073 1894 2072 1893 2072 1881 2071 1880 2071 1876 2070 1875 2070 1874 2069 1873 0.7587
0 1839 877 1836 880 1835 880 1833 882 1833 883 1832 884 1832 885 1831 886 1831 887 1830 888 1830 890 1829 891 1829 895 1828 896 1828 901 1827 902 1827 905 1826 906 1826 909 1825 910 1825 912 1824 913 1824 914 1823 915 1823 916 1821 918 1821 919 1820 920 1820 921 1818 923 1818 925 1817 926 1817 959 1824 966 1826 966 1827 967 1838 967 1839 966 1843 966 1846 963 1846 962 1848 960 1848 959 1853 954 1853 952 1854 951 1854 948 1855 947 1855 944 1856 943 1856 940 1857 939 1857 937 1858 936 1858 935 1859 934 1859 933 1860 932 1860 931 1861 930 1861 926 1862 925 1862 916 1863 915 1863 913 1864 912 1864 911 1865 910 1865 906 1866 905 1866 880 1852 880 1851 879 1848 879 1847 878 1846 878 1845 877 0.6855
0 2043 648 2042 649 2041 649 2040 650 2039 650 2038 651 2036 651 2035 652 2034 652 2033 653 2032 653 2030 655 2030 656 2029 657 2029 674 2030 675 2030 676 2031 677 2031 680 2032 681 2032 682 2033 683 2033 685 2038 690 2038 691 2040 693 2040 694 2044 698 2045 698 2048 701 2048 702 2050 704 2050 705 2052 707 2052 708 2053 709 2053 711 2054 712 2054 713 2055 714 2055 716 2056 717 2056 718 2057 719 2057 720 2058 721 2058 722 2060 724 2060 725 2061 726 2062 726 2063 727 2064 727 2065 728 2074 728 2075 727 2076 727 2077 726 2078 726 2080 724 2081 724 2083 722 2084 722 2086 720 2087 720 2088 719 2088 718 2090 716 2090 715 2091 714 2091 701 2090 700 2090 699 2088 697 2088 696 2087 695 2087 694 2085 692 2085 691 2084 690 2084 689 2078 683 2078 682 2076 680 2076 679 2075 678 2075 671 2074 670 2074 668 2072 666 2070 666 2063 659 2063 658 2061 656 2061 655 2060 654 2060 653 2059 652 2059 651 2057 649 2056 649 2055 648 0.6874
0 1708 1 1708 5 1707 6 1707 7 1706 8 1706 10 1705 11 1705 13 1704 14 1704 29 1705 30 1705 36 1706 37 1706 42 1707 43 1707 45 1708 46 1708 47 1709 48 1709 49 1711 51 1712 51 1713 52 1714 52 1715 53 1718 53 1719 54 1726 54 1727 53 1732 53 1733 52 1734 52 1736 50 1737 50 1738 49 1738 48 1741 45 1741 44 1742 43 1742 34 1741 33 1741 15 1740 14 1740 12 1739 11 1739 10 1738 9 1738 7 1737 6 1737 1 0.7481
0 2089 1264 2085 1268 2084 1268 2082 1270 2081 1270 2080 1271 2079 1271 2077 1273 2075 1273 2074 1274 2073 1274 2072 1275 2070 1275 2069 1276 2068 1276 2067 1277 2067 1278 2062 1283 2061 1283 2060 1284 2057 1284 2056 1285 2053 1285 2052 1286 2051 1286 2048 1289 2048 1290 2046 1292 2046 1293 2040 1299 2039 1299 2038 1300 2037 1300 2036 1301 2034 1301 2032 1303 2032 1305 2031 1306 2031 1317 2032 1318 2032 1321 2033 1322 2033 1326 2035 1328 2036 1328 2038 1330 2039 1330 2040 1331 2041 1331 2042 1332 2058 1332 2063 1327 2064 1327 2065 1326 2067 1326 2068 1325 2069 1325 2076 1318 2077 1318 2078 1317 2079 1317 2080 1316 2081 1316 2082 1315 2084 1315 2088 1311 2088 1310 2094 1304 2095 1304 2096 1303 2097 1303 2098 1302 2099 1302 2100 1301 2101 1301 2102 1300 2103 1300 2104 1299 2105 1299 2108 1296 2108 1295 2114 1289 2114 1277 2113 1277 2112 1276 2111 1276 2106 1271 2106 1270 2105 1269 2105 1268 2103 1266 2102 1266 2101 1265 2100 1265 2099 1264 0.6839
0 1521 1 1521 17 1522 18 1522 26 1523 27 1523 34 1524 35 1524 41 1527 44 1527 45 1529 47 1531 47 1532 48 1534 48 1535 49 1538 49 1539 50 1545 50 1546 49 1550 49 1551 48 1554 48 1560 42 1560 22 1559 21 1559 13 1558 12 1558 9 1557 8 1557 1 0.7615
0 2137 2107 2136 2108 2134 2108 2133 2109 2132 2109 2128 2113 2128 2114 2127 2115 2127 2132 2128 2133 2128 2139 2129 2140 2129 2158 2166 2158 2166 2137 2165 2136 2165 2133 2164 2132 2164 2126 2163 2125 2163 2118 2162 2117 2162 2116 2160 2114 2160 2113 2158 2111 2157 2111 2155 2109 2154 2109 2153 2108 2149 2108 2148 2107 0.7633
2 1261 1355 1260 1356 1251 1356 1250 1357 1249 1357 1248 1358 1247 1358 1246 1359 1245 1359 1243 1361 1243 1376 1244 1377 1244 1386 1247 1389 1248 1389 1249 1390 1252 1390 1253 1391 1261 1391 1262 1392 1268 1392 1269 1391 1276 1391 1277 1390 1281 1390 1282 1391 1295 1391 1296 1390 1307 1390 1308 1391 1323 1391 1324 1390 1328 1390 1329 1389 1330 1389 1331 1388 1332 1388 1334 1386 1335 1386 1340 1381 1340 1358 1339 1357 1338 1357 1337 1356 1331 1356 1330 1355 1322 1355 1321 1356 1282 1356 1281 1355 0.7800
0 1335 1407 1334 1408 1331 1408 1330 1409 1327 1409 1325 1411 1325 1412 1324 1413 1324 1415 1323 1416 1323 1417 1322 1418 1322 1419 1321 1420 1321 1433 1324 1436 1325 1436 1326 1437 1327 1437 1328 1438 1330 1438 1331 1439 1333 1439 1334 1440 1344 1440 1345 1439 1348 1439 1349 1438 1350 1438 1351 1439 1354 1439 1355 1440 1357 1440 1359 1442 1360 1442 1361 1443 1370 1443 1371 1442 1375 1442 1376 1441 1377 1441 1378 1440 1379 1440 1380 1439 1381 1439 1388 1432 1388 1431 1389 1430 1389 1429 1390 1428 1390 1425 1391 1424 1391 1420 1390 1419 1390 1417 1389 1416 1389 1414 1387 1412 1387 1411 1386 1410 1381 1410 1380 1409 1374 1409 1373 1408 1343 1408 1342 1407 0.6870
0 1643 1 1643 14 1644 15 1644 29 1645 30 1645 32 1646 33 1646 34 1648 36 1648 37 1649 38 1649 39 1651 39 1652 40 1663 40 1664 39 1665 39 1666 38 1667 38 1668 37 1670 37 1671 36 1672 36 1673 35 1674 35 1678 31 1678 15 1677 14 1677 11 1676 10 1676 8 1675 7 1675 1 0.7256
