0 3752.42 1502.55 97.88 43.54 0.9030
0 3541.24 1346.88 102.98 44.36 0.9018
0 2944.71 1293.04 96.05 41.13 0.9002
0 1908.93 134 58.79 85.19 0.8988
0 3133.21 1622.93 99.64 44.12 0.8950
0 3070 1246.31 86.24 39.07 0.8950
0 2945.55 1425.46 96.43 43.5 0.8916
2 3249.92 1259.99 118.49 44.36 0.8906
0 1708.77 678.43 43.67 91.14 0.8833
0 1805.75 644.86 47.36 90.58 0.8802
0 1867.12 1859.06 67.83 93.19 0.8799
0 3339.04 1326.22 93.13 41.12 0.8763
0 1633.6 989.37 76.83 75.97 0.8753
0 3797.73 1220.81 84.54 44.4 0.8747
0 1924.09 1878.73 60.68 83.17 0.8737
0 3742.98 1364.02 118.62 44.96 0.8725
0 3499.57 1589.29 96.23 43.5 0.8725
2 3346.38 1521.4 101.04 42.83 0.8667
0 3117.22 1308.55 99.84 43.5 0.8658
0 1788.15 1888.9 61.1 87.97 0.8652
0 2661.15 831.96 39.64 78.82 0.8646
0 641.91 382.32 79.96 67.15 0.8627
0 2747.46 1586.75 94.63 41.22 0.8590
0 2685.06 537.8 58.45 92.35 0.8518
0 1842.26 913.92 72.43 87.97 0.8499
0 3380.83 1463.46 88.73 39.41 0.8441
0 46.64 220.84 91.17 74.86 0.8434
0 268.66 400.27 79.98 66.2 0.8421
0 1906.18 38.92 60.26 73.49 0.8419
0 3815.15 1567.14 49.71 43.94 0.8386
0 2503.5 1332.76 81.1 50.05 0.8386
0 1978.24 930.95 75.75 76.75 0.8368
2 2224.54 1566.64 89.2 74.5 0.8367
0 1403.55 778 81.06 66.88 0.8256
0 166.41 314.76 81.28 64.58 0.8176
0 2912.65 1346.03 93.77 41.59 0.8164
1 1803.58 2104.79 92.15 110.2 0.8143
0 2840.15 1087.28 91.81 53.57 0.8126
0 2172.86 1130.18 79.62 72.79 0.8114
2 435.36 710.08 110.96 88.92 0.8100
0 2179.02 1244.33 75.7 59.61 0.8071
0 371.78 490.74 81.55 70.73 0.7991
0 1792.48 428.98 49.26 92.93 0.7932
0 726.64 768.51 68.96 55.37 0.7899
0 3216.62 1376.53 94.46 40.96 0.7847
0 789.56 386.12 85.72 69.21 0.7779
0 647.87 771.38 86.16 72.89 0.7766
0 2330.82 1357.77 78.94 53.22 0.7760
0 514.94 594.47 79.08 67.22 0.7704
0 616.9 674.38 75.47 62.77 0.7672
0 922.99 600.37 88.84 75.18 0.7447
0 16.82 277.95 33.64 59.58 0.7439
0 107.27 358.39 89.36 67.83 0.6917
2 2621.27 1439.24 104.13 51.61 0.6887
0 3695.1 1683.78 90.34 36.17 0.6051
0 3814.54 1697.27 50.92 45.24 0.5818
