1 1633.87 1116.04 120.3 180.74 0.9178
0 2009.73 1927.49 56.28 91.05 0.9173
0 829.81 1277.67 92.35 39.46 0.9132
0 2600.12 1446.01 92.54 40.15 0.9127
0 287.45 1328.42 96.72 41.72 0.9101
0 735.49 1339.18 90.32 39.33 0.9089
0 1064.16 1164.88 97.4 40.92 0.9089
0 878.42 1411.91 93.96 41.45 0.9083
0 688.62 1280.64 93.81 40.44 0.9073
0 883.26 1338.57 98.64 42.36 0.9066
0 879.97 1159.02 91.2 39.35 0.9065
0 539.46 1215.59 93.32 39.28 0.9055
0 1138.44 1228.71 94.8 40.01 0.9043
0 33.05 1328.28 66.1 45.25 0.9036
0 1103.12 1342.73 94.17 40.77 0.9019
0 3236.05 1407.29 92.41 44 0.9017
0 1105.55 1281.73 95.77 40.76 0.9015
0 1028.75 1411.25 92.93 40.35 0.9007
1 1537.51 1645.52 89.15 139.49 0.8999
0 2009.07 488.52 55.57 92.03 0.8988
0 449.63 1332.1 101.36 42.23 0.8983
0 2883.81 1039.98 100.79 42.48 0.8980
0 1805.3 764.73 53.76 76.07 0.8966
0 1865.43 798.78 59.74 92.6 0.8963
0 2029.01 278.68 57.65 93.77 0.8958
0 591.12 1336.51 100.03 42.93 0.8953
0 1944.05 2102.42 55.78 90.16 0.8941
0 2159.79 292.51 59.71 97.17 0.8927
0 795.7 1219.07 87.43 40.25 0.8917
0 2100.66 1884.64 54.26 89.36 0.8912
0 2371.76 91.1 58.2 98.45 0.8908
0 838.57 1482.72 86.82 40.41 0.8902
0 955.42 1222.91 101.07 42.02 0.8891
2 2094.95 2066.73 69.56 116.36 0.8879
0 2723.07 1490.47 88.41 40.96 0.8876
0 682.22 1220.46 96.97 41.38 0.8861
0 2264.39 1803.19 53.72 90.61 0.8843
0 2180.81 2002.97 51.9 87.07 0.8833
0 746.27 1400.74 97.4 41.92 0.8827
0 2288.19 457.99 52.93 92.08 0.8821
0 966.41 1280.32 80.38 35.97 0.8819
0 2378.69 1605.38 68.62 80.34 0.8810
0 2287.83 144.82 63.18 103.3 0.8795
0 2852.52 1246.54 96.58 42.5 0.8791
0 2268.67 340.65 51.58 86.07 0.8787
0 1861.61 972.73 62.02 87.27 0.8776
0 2033.15 2040.26 59.75 96.45 0.8775
0 2928.08 870.76 101.28 43.91 0.8763
0 2202.45 341.47 59.59 96.58 0.8739
0 2175.72 636.23 51.51 102.26 0.8725
0 2229.77 753.46 40.43 87.04 0.8690
0 2380.48 1267.7 89.4 57.32 0.8685
0 1187.93 1169.63 83.17 37.56 0.8667
0 2479.21 1354.81 78.6 37.1 0.8637
0 2077.43 935.43 42.4 92.31 0.8612
0 2195.44 1055.41 54.73 84.32 0.8599
0 1735.18 1078.08 66.48 92.15 0.8595
0 1988.09 688.5 49.63 85.21 0.8550
0 2161.93 1886.5 56.33 91.95 0.8545
0 2273.67 1021.91 55.12 87.37 0.8544
0 2375.27 1152.84 77.12 73.26 0.8490
0 2116.14 598.53 53.59 95.61 0.8418
0 2729.92 1316.56 93.89 44.35 0.8351
0 1921.36 515.58 49.01 72.19 0.8087
0 2218.35 1217.25 71.19 80.8 0.7984
3 1984.88 1841.97 23.4 40.21 0.6517
