0 3736.53 1213 98.18 40.59 0.9166
0 965.13 1253.73 96.55 40.91 0.9124
0 1154.35 1486.76 84.32 36.59 0.9118
0 2877.09 1035.42 86.84 37.68 0.9113
0 2740.1 1091.94 97.59 40.69 0.9096
0 3017.16 1541.93 92.41 45.19 0.9094
0 669.69 1257.05 98.9 41.09 0.9087
0 1230.36 1425.35 90.95 39.09 0.9078
0 1031.1 1423.24 88.84 38.84 0.9055
0 1923.7 143.46 42.85 92.05 0.9053
0 2902.84 1206.99 92.04 39.69 0.9043
0 1104.4 1319.01 75.9 36.19 0.9033
0 472.6 1369.28 97.41 40.58 0.9031
0 871.08 1424.97 94.26 42.01 0.9007
0 2178.21 1920.22 40.94 89 0.9003
0 3070.44 1097.07 90.84 38.34 0.9000
0 2588.23 1143.03 96.99 41.2 0.8988
0 3561.44 923.11 100.2 41.44 0.8970
0 3520.47 1206.99 96.79 40.56 0.8966
0 2001.18 538.13 46.32 82.45 0.8966
0 2744.31 983.75 89.56 39.01 0.8964
0 2568.88 1031.68 87.03 38.83 0.8962
0 1700.94 420.09 40.93 89.46 0.8957
0 1553.21 128.22 41.09 88.6 0.8952
0 2683.87 851 93.84 39.68 0.8951
0 3060.12 1149.88 93.12 38.75 0.8951
0 2591.15 1091.59 90.57 38.24 0.8937
0 2908.89 1090.89 95.65 40.13 0.8934
0 3354.19 1151.11 87.69 37.45 0.8929
0 2197.88 2058.71 40.95 92.43 0.8926
0 2596.93 977.76 84.6 37.75 0.8925
0 1604.43 111.65 43.82 92.92 0.8920
0 2135.06 2021.36 39.74 91.11 0.8915
0 202.72 1254.62 97.7 41.96 0.8915
0 1681.18 267.47 41.18 92.2 0.8912
0 1262.59 1320.18 90.92 38.32 0.8907
0 1573.79 317.65 42.16 94.12 0.8897
0 1867.4 1443.59 60.53 82.63 0.8889
0 3640.64 988.87 96.38 40.37 0.8883
0 2175.35 1172.2 90.72 45.94 0.8880
0 2250.42 2008.75 42.77 94.49 0.8878
1 957.92 1494.08 208.42 53.08 0.8874
0 3389.42 1207.06 90.3 39.86 0.8850
0 1749.36 288.72 40.5 90.81 0.8836
0 3672.92 1154.09 96.41 41.95 0.8832
0 1315.14 1493.48 90.49 39.42 0.8826
0 1189.07 1259.56 97.62 40.48 0.8823
0 3704.57 1267.98 92.91 41.12 0.8819
0 1629.19 297.39 38.01 77.08 0.8811
0 1564.21 1251.4 90.02 42.66 0.8809
2 2646.13 912.62 184.28 52.14 0.8792
0 446.76 1252.11 97.71 41.67 0.8784
0 2234.7 1857.72 43.03 95.59 0.8780
0 3181.44 1154.31 91.25 37.89 0.8773
1 3137.89 1205.79 181.45 50.97 0.8772
0 2262.74 2127.31 40.74 62.64 0.8764
0 3805.53 1152.28 68.94 41.86 0.8761
0 3540.41 1152.18 93.85 40.2 0.8760
0 1897.68 1684.55 45.12 88.86 0.8735
0 3653.89 1076.79 101.29 47.4 0.8735
0 3371.94 1095.58 96.58 40.31 0.8725
1 2470.56 1197.38 224.78 55.89 0.8722
0 1769.62 1113.71 72.89 79.93 0.8681
0 1593.14 449.62 41.37 91.92 0.8651
0 1646.8 436.96 38.02 78.62 0.8636
0 1766.67 416.85 34.04 74.35 0.8611
0 2119.47 1878.48 42.01 99.5 0.8609
0 1732.54 137.53 41.39 91.2 0.8601
0 1671.26 134.34 40.95 93.29 0.8600
0 2060.31 1907.54 36.02 74.11 0.8559
0 1842.12 922.6 46.1 87.6 0.8558
0 2060.74 685.55 58.48 81.32 0.8555
0 1721.9 27.16 38.55 54.32 0.8536
0 2070.52 1296.77 83.55 67.55 0.8530
0 1541.6 25.6 41.06 51.2 0.8510
0 2146.03 2133.69 39.93 52.63 0.8493
2 1288.05 1373.1 97.44 36.87 0.8489
0 1352.94 1425.59 73.76 35.12 0.8169
0 1661.04 19.53 36.76 39.06 0.8128
