0 3800 1527 3698 1521 3701 1477 3803 1483 0.7820
0 3589 1377 3483 1361 3489 1317 3596 1333 0.7548
0 2991 1319 2889 1307 2893 1268 2995 1280 0.7651
0 1907 184 1867 163 1909 86 1948 107 0.7601
0 3182 1646 3079 1638 3081 1597 3185 1604 0.7836
0 3110 1269 3023 1258 3027 1222 3114 1233 0.7852
0 2989 1454 2892 1440 2898 1399 2996 1413 0.7578
2 3306 1283 3186 1277 3188 1235 3308 1241 0.8091
0 1697 726 1681 633 1719 627 1735 719 0.7522
0 1793 693 1776 602 1818 594 1834 686 0.7371
0 1868 1914 1819 1891 1862 1800 1911 1823 0.7124
0 3382 1343 3291 1343 3291 1305 3382 1305 0.7382
0 1651 1035 1583 964 1615 933 1683 1003 0.6943
0 3837 1244 3753 1234 3757 1193 3842 1202 0.7489
0 1929 1926 1887 1906 1924 1831 1965 1851 0.6894
0 3796 1392 3683 1377 3688 1338 3801 1352 0.7419
0 3550 1609 3446 1604 3448 1564 3552 1569 0.7486
2 3395 1542 3298 1542 3298 1500 3395 1500 0.7566
0 3166 1328 3062 1326 3063 1285 3167 1287 0.7569
0 1786 1940 1750 1921 1792 1842 1827 1860 0.6914
0 2643 871 2638 789 2675 787 2680 868 0.7408
0 668 425 592 371 616 337 692 391 0.7246
0 2795 1609 2693 1600 2697 1560 2798 1569 0.7280
0 2685 592 2644 577 2679 481 2720 496 0.7113
0 1848 967 1795 882 1833 858 1886 944 0.6864
0 3425 1484 3331 1478 3333 1440 3428 1446 0.7254
0 80 267 -6 204 17 172 104 235 0.6963
0 298 446 217 383 240 353 322 415 0.6988
0 1907 83 1869 64 1907 -11 1945 7 0.6620
0 3838 1584 3788 1584 3788 1544 3838 1544 0.7162
0 2534 1369 2450 1332 2467 1295 2550 1332 0.6591
0 1986 977 1923 916 1958 879 2022 940 0.6400
2 2192 1611 2169 1571 2258 1519 2282 1560 0.6739
0 1425 820 1347 765 1370 732 1449 786 0.6671
0 194 357 114 300 135 270 216 326 0.6611
0 2947 1364 2862 1364 2862 1324 2947 1324 0.6881
1 1802 2177 1753 2154 1808 2039 1857 2062 0.6581
0 2872 1128 2783 1093 2799 1052 2888 1086 0.6297
0 2199 1177 2117 1114 2143 1080 2225 1143 0.6506
2 491 743 382 743 382 667 491 667 0.4993
0 2205 1286 2127 1230 2147 1201 2226 1258 0.6398
0 393 535 313 468 341 435 421 502 0.6271
0 1791 476 1749 464 1777 371 1819 384 0.6252
0 752 801 685 759 702 732 769 774 0.6422
0 3262 1398 3165 1398 3165 1356 3262 1356 0.6420
0 818 429 734 372 754 341 839 398 0.6786
0 674 819 592 756 617 723 700 785 0.6448
0 2361 1396 2278 1355 2296 1319 2379 1361 0.6332
0 538 639 455 584 478 548 561 604 0.6042
0 639 714 565 665 587 631 661 680 0.6340
0 959 653 863 583 887 551 983 621 0.6011
0 34 309 1 309 1 254 34 254 0.6029
0 141 411 56 352 81 316 166 375 0.5153
2 2667 1474 2558 1451 2567 1407 2676 1430 0.5315
0 3742 1699 3644 1693 3646 1661 3744 1667 0.4496
0 3838 1720 3787 1720 3787 1674 3838 1674 0.4062
