1 1622 1208 1572 1186 1645 1020 1695 1043 0.7977
0 2013 1979 1974 1966 2005 1873 2044 1887 0.7522
0 876 1295 783 1295 783 1258 876 1258 0.8242
0 2649 1465 2552 1461 2553 1423 2651 1427 0.8323
0 337 1346 239 1346 239 1306 337 1306 0.8204
0 781 1357 690 1357 690 1319 781 1319 0.8268
0 1114 1183 1014 1183 1014 1144 1114 1144 0.8374
0 925 1431 832 1431 832 1391 925 1391 0.8381
0 734 1300 640 1296 641 1257 736 1261 0.8150
0 935 1357 833 1357 833 1316 935 1316 0.8373
0 925 1177 834 1177 834 1140 925 1140 0.8137
0 589 1233 490 1233 490 1195 589 1195 0.7839
0 1187 1247 1087 1247 1087 1208 1187 1208 0.8133
0 68 1347 1 1347 1 1307 68 1307 0.8085
0 1153 1361 1055 1361 1055 1322 1153 1322 0.7968
0 3192 1427 3189 1388 3280 1382 3283 1421 0.7959
0 1156 1302 1057 1302 1057 1261 1156 1261 0.7838
0 1074 1429 984 1429 984 1392 1074 1392 0.7458
1 1528 1718 1486 1701 1540 1571 1581 1588 0.7927
0 2018 547 1971 534 1998 436 2045 449 0.6979
0 499 1351 397 1351 397 1308 499 1308 0.8049
0 2938 1061 2829 1061 2829 1019 2938 1019 0.7716
0 1808 806 1774 792 1801 724 1835 737 0.7795
0 1873 853 1826 835 1860 745 1907 763 0.7271
0 2028 330 1989 315 2025 223 2064 238 0.7572
0 645 1353 538 1353 538 1313 645 1313 0.7854
0 1953 2147 1909 2131 1939 2051 1983 2068 0.7567
0 2160 349 2119 333 2157 237 2197 252 0.7632
0 837 1236 751 1236 751 1197 837 1197 0.7569
0 2102 1939 2064 1925 2097 1833 2135 1847 0.7132
0 2380 146 2333 131 2366 32 2413 48 0.6914
0 878 1505 795 1498 798 1460 881 1467 0.7686
0 1005 1241 900 1241 900 1202 1005 1202 0.8179
2 2099 2127 2054 2110 2095 2003 2140 2020 0.7415
0 2765 1511 2679 1511 2679 1469 2765 1469 0.7994
0 731 1238 630 1238 630 1201 731 1201 0.7915
0 2264 1856 2222 1838 2260 1750 2302 1768 0.7176
0 2183 2048 2146 2033 2178 1953 2214 1968 0.7466
0 794 1419 694 1419 694 1381 794 1381 0.8107
0 2295 512 2252 497 2284 408 2326 423 0.7021
0 1006 1295 930 1295 930 1264 1006 1264 0.7653
0 2367 1652 2334 1628 2385 1558 2418 1583 0.7384
0 2286 202 2245 184 2288 83 2329 101 0.7430
0 2901 1266 2804 1266 2804 1227 2901 1227 0.7691
0 2264 392 2232 378 2269 293 2301 307 0.7357
0 1860 1025 1821 1006 1861 923 1900 942 0.7297
0 2030 2093 1990 2079 2022 1987 2063 2001 0.6799
0 2977 892 2873 892 2873 849 2977 849 0.7453
0 2205 399 2161 382 2197 291 2240 308 0.7146
0 2184 693 2140 680 2168 584 2212 597 0.7375
0 2248 794 2208 794 2208 711 2248 711 0.7958
0 2413 1306 2328 1268 2346 1227 2431 1265 0.7244
0 1230 1187 1150 1187 1150 1153 1230 1153 0.7646
0 2514 1374 2441 1368 2444 1332 2517 1338 0.7593
0 2059 984 2054 889 2096 887 2101 982 0.7263
0 2188 1102 2162 1023 2207 1008 2233 1087 0.7175
0 1739 1130 1691 1110 1728 1022 1776 1042 0.7137
0 1993 735 1954 722 1982 640 2020 653 0.6770
0 2161 1937 2120 1921 2156 1830 2198 1847 0.6766
0 2272 1075 2234 987 2278 968 2315 1056 0.6883
0 2394 1201 2320 1138 2350 1102 2425 1165 0.6926
0 2123 652 2078 639 2106 544 2150 557 0.6954
0 2778 1334 2679 1334 2679 1297 2778 1297 0.7323
0 1921 556 1890 544 1916 478 1947 490 0.6986
0 2229 1274 2167 1190 2204 1163 2266 1247 0.6270
3 1986 1862 1970 1859 1978 1820 1994 1823 0.4791
