0 3787 1231 3685 1231 3685 1193 3787 1193 0.8419
0 1012 1270 916 1269 917 1232 1013 1234 0.8462
0 1112 1505 1111 1469 1196 1467 1197 1503 0.8098
0 2919 1053 2834 1053 2834 1016 2919 1016 0.8270
0 2790 1110 2692 1110 2692 1072 2790 1072 0.8588
0 3058 1571 2963 1550 2971 1511 3066 1531 0.7839
0 723 1276 620 1276 620 1236 723 1236 0.7910
0 1276 1442 1184 1442 1184 1406 1276 1406 0.8302
0 1076 1441 986 1441 986 1403 1076 1403 0.8369
0 1910 190 1900 99 1937 95 1948 186 0.8111
0 2949 1226 2858 1226 2858 1188 2949 1188 0.8247
0 1141 1337 1070 1337 1070 1302 1141 1302 0.8279
0 520 1390 420 1390 420 1350 520 1350 0.7910
0 920 1445 825 1445 825 1402 920 1402 0.7827
0 2164 1965 2154 1878 2191 1873 2201 1961 0.7919
0 3118 1115 3021 1115 3021 1078 3118 1078 0.7937
0 2640 1162 2538 1162 2538 1121 2640 1121 0.8084
0 3611 945 3509 940 3511 899 3612 904 0.7882
0 3567 1227 3472 1227 3472 1186 3567 1186 0.8005
0 1993 581 1972 501 2008 491 2030 572 0.7779
0 2792 1003 2698 1003 2698 965 2792 965 0.7916
0 2610 1049 2523 1047 2524 1011 2611 1012 0.8266
0 1686 468 1676 375 1715 371 1724 464 0.7778
0 1538 173 1530 88 1567 85 1576 170 0.8060
0 2730 871 2633 869 2634 830 2731 831 0.8230
0 3108 1168 3010 1168 3010 1130 3108 1130 0.7893
0 2639 1111 2542 1111 2542 1073 2639 1073 0.8137
0 2960 1108 2861 1108 2861 1070 2960 1070 0.8134
0 3395 1169 3309 1169 3309 1132 3395 1132 0.7213
0 2180 2107 2173 2016 2213 2013 2220 2104 0.7912
0 2636 996 2553 996 2553 960 2636 960 0.8136
0 1588 161 1573 68 1616 61 1631 154 0.7459
0 2121 2069 2113 1976 2149 1973 2157 2066 0.7838
0 251 1272 150 1272 150 1234 251 1234 0.8030
0 1668 316 1655 225 1692 220 1705 310 0.7778
0 1311 1339 1217 1339 1217 1301 1311 1301 0.8033
0 1595 368 1553 368 1553 273 1595 273 0.7853
0 1880 1495 1829 1476 1859 1393 1911 1412 0.6880
0 3689 1007 3590 1004 3591 967 3690 970 0.7907
0 2134 1203 2125 1162 2216 1140 2225 1181 0.7469
0 2235 2057 2225 1965 2264 1960 2274 2053 0.7118
1 1068 1522 856 1522 856 1465 1068 1465 0.7866
0 3431 1227 3347 1227 3347 1186 3431 1186 0.7813
0 1737 339 1725 247 1761 242 1774 334 0.7556
0 3720 1173 3623 1173 3623 1132 3720 1132 0.7925
0 1360 1511 1266 1511 1266 1473 1360 1473 0.7738
0 1233 1277 1138 1273 1139 1236 1234 1240 0.7731
0 3659 1286 3658 1249 3750 1247 3751 1284 0.7973
0 1616 338 1608 264 1642 260 1651 334 0.7774
0 1524 1278 1517 1237 1603 1222 1610 1263 0.7674
2 2736 938 2553 938 2553 886 2736 886 0.8107
0 494 1269 397 1267 398 1229 495 1232 0.7707
0 2216 1904 2210 1811 2250 1809 2256 1902 0.7813
0 3226 1173 3134 1173 3134 1134 3226 1134 0.7810
1 3224 1232 3043 1232 3043 1180 3224 1180 0.8008
0 2245 2160 2240 2098 2278 2095 2283 2157 0.7867
0 3838 1173 3769 1173 3769 1130 3838 1130 0.8086
0 3587 1171 3493 1171 3493 1131 3587 1131 0.7929
0 1906 1732 1868 1723 1889 1636 1927 1645 0.7376
0 3607 1105 3599 1067 3704 1043 3713 1081 0.7523
0 3424 1116 3323 1116 3323 1076 3424 1076 0.8192
1 2579 1225 2367 1221 2368 1172 2580 1176 0.7836
0 1754 1168 1720 1138 1786 1065 1820 1095 0.6656
0 1579 502 1567 405 1608 400 1619 497 0.7388
0 1666 476 1627 476 1627 405 1666 405 0.7527
0 1756 455 1750 386 1780 383 1786 452 0.7557
0 2100 1930 2095 1827 2135 1825 2140 1928 0.6917
0 1718 185 1712 92 1750 90 1756 183 0.7579
0 1658 183 1650 91 1688 88 1696 180 0.7436
0 2049 1943 2040 1874 2070 1871 2079 1939 0.7587
0 1846 973 1805 959 1835 869 1876 883 0.6855
0 2066 734 2017 662 2053 638 2102 709 0.6874
0 1742 54 1704 54 1704 1 1742 1 0.7481
0 2043 1341 2020 1306 2098 1254 2122 1289 0.6839
0 1560 50 1521 50 1521 1 1560 1 0.7615
0 2166 2158 2127 2158 2127 2107 2166 2107 0.7633
2 1340 1392 1243 1392 1243 1355 1340 1355 0.7800
0 1390 1443 1320 1441 1321 1406 1391 1408 0.6870
0 1678 40 1643 40 1643 1 1678 1 0.7256
